100 2e-06
200 2e-06
300 2e-06
400 2e-06
500 2e-06
600 2e-06
700 2e-06
800 3e-06
900 3e-06
1000 2e-06
1100 4e-06
1200 3e-06
1300 3e-06
1400 3e-06
1500 7e-06
1600 4e-06
1700 3e-06
1800 5e-06
1900 4e-06
2000 4e-06
2100 6e-06
2200 4e-06
2300 4e-06
2400 6e-06
2500 5e-06
2600 5e-06
2700 5e-06
2800 5e-06
2900 5e-06
3000 6e-06
3100 8e-06
3200 5e-06
3300 5e-06
3400 5e-06
3500 7e-06
3600 6e-06
3700 6e-06
3800 7e-06
3900 7e-06
4000 7e-06
4100 7e-06
4200 7e-06
4300 7e-06
4400 7e-06
4500 9e-06
4600 2e-05
4700 8e-06
4800 7e-06
4900 8e-06
5000 8e-06
5100 7e-06
5200 1.1e-05
5300 8e-06
5400 8e-06
5500 8e-06
5600 9e-06
5700 8e-06
5800 8e-06
5900 9e-06
6000 9e-06
6100 9e-06
6200 9e-06
6300 1e-05
6400 9e-06
6500 9e-06
6600 1.4e-05
6700 1e-05
6800 1e-05
6900 1e-05
7000 1e-05
7100 1.1e-05
7200 1e-05
7300 1.1e-05
7400 1.1e-05
7500 1.1e-05
7600 1.1e-05
7700 1.1e-05
7800 1.1e-05
7900 1.1e-05
8000 1.7e-05
8100 1.1e-05
8200 1.1e-05
8300 1.8e-05
8400 1.2e-05
8500 1.2e-05
8600 2e-05
8700 1.3e-05
8800 1.3e-05
8900 1.2e-05
9000 1.3e-05
9100 1.3e-05
9200 1.2e-05
9300 1.3e-05
9400 1.3e-05
9500 4.3e-05
9600 1.3e-05
9700 1.4e-05
9800 4e-05
9900 1.4e-05
10000 0.000107
10100 1.4e-05
10200 1.8e-05
10300 1.4e-05
10400 2.2e-05
10500 1.5e-05
10600 1.5e-05
10700 1.5e-05
10800 1.5e-05
10900 1.5e-05
11000 1.5e-05
11100 1.6e-05
11200 2.1e-05
11300 1.6e-05
11400 1.6e-05
11500 1.6e-05
11600 1.6e-05
11700 1.6e-05
11800 1.7e-05
11900 1.8e-05
12000 1.6e-05
12100 1.7e-05
12200 2.4e-05
12300 1.7e-05
12400 2.4e-05
12500 1.7e-05
12600 1.8e-05
12700 2.6e-05
12800 1.8e-05
12900 1.8e-05
13000 1.7e-05
13100 1.7e-05
13200 1.8e-05
13300 1.8e-05
13400 1.9e-05
13500 1.9e-05
13600 2.5e-05
13700 1.9e-05
13800 2e-05
13900 2e-05
14000 2e-05
14100 2e-05
14200 1.9e-05
14300 2e-05
14400 2e-05
14500 2e-05
14600 2e-05
14700 2e-05
14800 2.9e-05
14900 2e-05
15000 2.1e-05
15100 3e-05
15200 2e-05
15300 2.1e-05
15400 3.1e-05
15500 2.1e-05
15600 2.1e-05
15700 2.1e-05
15800 2.2e-05
15900 2.2e-05
16000 2.2e-05
16100 2.2e-05
16200 2.2e-05
16300 2.3e-05
16400 2.2e-05
16500 2.3e-05
16600 3.4e-05
16700 2.3e-05
16800 2.3e-05
16900 2.3e-05
17000 2.4e-05
17100 2.4e-05
17200 2.3e-05
17300 3.9e-05
17400 2.4e-05
17500 2.4e-05
17600 2.4e-05
17700 3.5e-05
17800 2.5e-05
17900 2.5e-05
18000 2.4e-05
18100 2.4e-05
18200 2.4e-05
18300 2.5e-05
18400 3.3e-05
18500 2.5e-05
18600 2.5e-05
18700 3.5e-05
18800 2.5e-05
18900 2.5e-05
19000 2.6e-05
19100 2.6e-05
19200 2.6e-05
19300 2.6e-05
19400 2.6e-05
19500 3.8e-05
19600 2.6e-05
19700 2.6e-05
19800 2.7e-05
19900 2.7e-05
20000 2.7e-05
20100 2.7e-05
20200 2.8e-05
20300 2.7e-05
20400 2.8e-05
20500 2.7e-05
20600 3.4e-05
20700 4.1e-05
20800 2.8e-05
20900 2.8e-05
21000 3.8e-05
21100 2.8e-05
21200 2.8e-05
21300 2.9e-05
21400 2.8e-05
21500 2.9e-05
21600 2.8e-05
21700 5e-05
21800 2.9e-05
21900 2.9e-05
22000 2.9e-05
22100 2.9e-05
22200 3.8e-05
22300 2.9e-05
22400 3e-05
22500 4.2e-05
22600 3e-05
22700 3e-05
22800 7.2e-05
22900 3e-05
23000 7.6e-05
23100 3.1e-05
23200 3.1e-05
23300 3.2e-05
23400 4.4e-05
23500 3.1e-05
23600 6.9e-05
23700 3.1e-05
23800 3.2e-05
23900 3.3e-05
24000 3.2e-05
24100 3.2e-05
24200 3.2e-05
24300 3.2e-05
24400 3.3e-05
24500 3.3e-05
24600 3.2e-05
24700 4.9e-05
24800 3.3e-05
24900 3.3e-05
25000 3.4e-05
25100 3.3e-05
25200 3.3e-05
25300 3.6e-05
25400 7.2e-05
25500 3.3e-05
25600 3.4e-05
25700 3.3e-05
25800 5e-05
25900 3.4e-05
26000 5.3e-05
26100 3.5e-05
26200 3.6e-05
26300 3.4e-05
26400 3.6e-05
26500 5e-05
26600 3.5e-05
26700 3.5e-05
26800 3.6e-05
26900 5.3e-05
27000 3.5e-05
27100 3.6e-05
27200 3.7e-05
27300 3.6e-05
27400 0.000309
27500 3.6e-05
27600 3.7e-05
27700 3.7e-05
27800 3.7e-05
27900 3.7e-05
28000 3.7e-05
28100 3.6e-05
28200 3.7e-05
28300 3.8e-05
28400 3.8e-05
28500 3.7e-05
28600 4e-05
28700 3.8e-05
28800 3.8e-05
28900 3.8e-05
29000 3.8e-05
29100 3.8e-05
29200 4e-05
29300 3.8e-05
29400 3.9e-05
29500 3.9e-05
29600 3.8e-05
29700 4e-05
29800 3.9e-05
29900 3.9e-05
30000 4e-05
30100 5e-05
30200 9.2e-05
30300 4.1e-05
30400 4.1e-05
30500 6.3e-05
30600 4.1e-05
30700 5.5e-05
30800 4.2e-05
30900 4.1e-05
31000 4.1e-05
31100 4.1e-05
31200 4.3e-05
31300 4.3e-05
31400 4.2e-05
31500 4.1e-05
31600 4.2e-05
31700 4.3e-05
31800 4.2e-05
31900 6.8e-05
32000 4.7e-05
32100 4.5e-05
32200 4.7e-05
32300 4.6e-05
32400 5.4e-05
32500 4.8e-05
32600 4.8e-05
32700 4.8e-05
32800 4.8e-05
32900 4.8e-05
33000 4.6e-05
33100 4.3e-05
33200 4.4e-05
33300 4.4e-05
33400 4.5e-05
33500 6e-05
33600 4.4e-05
33700 4.4e-05
33800 4.5e-05
33900 4.4e-05
34000 4.5e-05
34100 4.4e-05
34200 4.5e-05
34300 4.5e-05
34400 4.5e-05
34500 4.5e-05
34600 4.6e-05
34700 4.5e-05
34800 6.5e-05
34900 5.1e-05
35000 4.9e-05
35100 5.2e-05
35200 4.9e-05
35300 4.7e-05
35400 5.1e-05
35500 4.9e-05
35600 5.2e-05
35700 9.5e-05
35800 4.7e-05
35900 5e-05
36000 6.9e-05
36100 5.2e-05
36200 5e-05
36300 4.8e-05
36400 4.7e-05
36500 6.9e-05
36600 5e-05
36700 4.7e-05
36800 5.9e-05
36900 4.7e-05
37000 4.9e-05
37100 4.9e-05
37200 4.9e-05
37300 7.1e-05
37400 4.8e-05
37500 5e-05
37600 4.9e-05
37700 4.9e-05
37800 4.9e-05
37900 4.9e-05
38000 5.1e-05
38100 4.9e-05
38200 5e-05
38300 5e-05
38400 5e-05
38500 5.1e-05
38600 5.1e-05
38700 5e-05
38800 5.1e-05
38900 5.3e-05
39000 5.2e-05
39100 5.3e-05
39200 5.1e-05
39300 5.2e-05
39400 5.1e-05
39500 5.1e-05
39600 5.1e-05
39700 5.2e-05
39800 5.2e-05
39900 5.1e-05
40000 5.3e-05
40100 5.3e-05
40200 6.5e-05
40300 5.6e-05
40400 5.3e-05
40500 5.6e-05
40600 5.8e-05
40700 6e-05
40800 6e-05
40900 5.7e-05
41000 5.6e-05
41100 5.3e-05
41200 5.7e-05
41300 5.7e-05
41400 6.1e-05
41500 5.8e-05
41600 6.1e-05
41700 5.7e-05
41800 5.5e-05
41900 5.5e-05
42000 8.7e-05
42100 5.4e-05
42200 5.6e-05
42300 5.6e-05
42400 5.4e-05
42500 5.8e-05
42600 5.5e-05
42700 5.5e-05
42800 5.7e-05
42900 5.6e-05
43000 5.7e-05
43100 5.6e-05
43200 9e-05
43300 5.6e-05
43400 5.6e-05
43500 5.6e-05
43600 5.6e-05
43700 5.7e-05
43800 6e-05
43900 6e-05
44000 5.8e-05
44100 5.8e-05
44200 5.8e-05
44300 5.8e-05
44400 0.00015
44500 8.5e-05
44600 5.8e-05
44700 5.7e-05
44800 0.000163
44900 0.000143
45000 5.9e-05
45100 5.8e-05
45200 6.4e-05
45300 8.6e-05
45400 6e-05
45500 5.9e-05
45600 5.9e-05
45700 6.1e-05
45800 6.1e-05
45900 6e-05
46000 5.9e-05
46100 7.2e-05
46200 6e-05
46300 6e-05
46400 8.8e-05
46500 6e-05
46600 0.0001
46700 6e-05
46800 6.2e-05
46900 6e-05
47000 6.6e-05
47100 6.4e-05
47200 6.9e-05
47300 6.4e-05
47400 7.7e-05
47500 6.1e-05
47600 9.5e-05
47700 6.4e-05
47800 0.000104
47900 6.5e-05
48000 9.7e-05
48100 7.4e-05
48200 6.6e-05
48300 7.5e-05
48400 7e-05
48500 0.000101
48600 0.000106
48700 7.5e-05
48800 0.000114
48900 7.5e-05
49000 7.4e-05
49100 8.1e-05
49200 7.2e-05
49300 7.6e-05
49400 7.6e-05
49500 7.2e-05
49600 7.5e-05
49700 9.3e-05
49800 7.6e-05
49900 6.9e-05
50000 9.4e-05
50100 6.7e-05
50200 6.6e-05
50300 6.6e-05
50400 6.5e-05
50500 6.6e-05
50600 6.6e-05
50700 0.000254
50800 7.1e-05
50900 9.8e-05
51000 6.5e-05
51100 6.6e-05
51200 6.6e-05
51300 6.7e-05
51400 6.5e-05
51500 6.7e-05
51600 7e-05
51700 6.6e-05
51800 6.8e-05
51900 6.7e-05
52000 6.9e-05
52100 6.7e-05
52200 7.2e-05
52300 6.8e-05
52400 6.9e-05
52500 6.8e-05
52600 6.9e-05
52700 6.9e-05
52800 7e-05
52900 7.6e-05
53000 7.2e-05
53100 7.3e-05
53200 7.4e-05
53300 6.9e-05
53400 6.9e-05
53500 7.1e-05
53600 7e-05
53700 7e-05
53800 7e-05
53900 7.2e-05
54000 7.1e-05
54100 8.5e-05
54200 7.5e-05
54300 0.000105
54400 7.7e-05
54500 8.5e-05
54600 8.4e-05
54700 0.0001
54800 8.3e-05
54900 0.000118
55000 7.5e-05
55100 7.2e-05
55200 8e-05
55300 7.2e-05
55400 7.5e-05
55500 7.3e-05
55600 7.6e-05
55700 7.3e-05
55800 0.000114
55900 7.5e-05
56000 8e-05
56100 9e-05
56200 7.5e-05
56300 7.5e-05
56400 9.5e-05
56500 7.9e-05
56600 8.1e-05
56700 7.6e-05
56800 7.7e-05
56900 7.4e-05
57000 0.000113
57100 0.000101
57200 7.3e-05
57300 7.7e-05
57400 9.7e-05
57500 8.5e-05
57600 9.3e-05
57700 8.9e-05
57800 8e-05
57900 7.6e-05
58000 7.5e-05
58100 0.00016
58200 7.5e-05
58300 7.6e-05
58400 8.4e-05
58500 0.000113
58600 8e-05
58700 8.3e-05
58800 7.9e-05
58900 8.6e-05
59000 7.7e-05
59100 7.6e-05
59200 7.7e-05
59300 7.7e-05
59400 7.9e-05
59500 7.8e-05
59600 7.7e-05
59700 0.000119
59800 7.7e-05
59900 7.8e-05
60000 7.7e-05
60100 7.7e-05
60200 7.7e-05
60300 7.8e-05
60400 7.9e-05
60500 8e-05
60600 7.8e-05
60700 8e-05
60800 7.9e-05
60900 9.5e-05
61000 7.9e-05
61100 7.9e-05
61200 8.1e-05
61300 8.1e-05
61400 8.1e-05
61500 8e-05
61600 7.9e-05
61700 8.5e-05
61800 7.9e-05
61900 0.000116
62000 8.1e-05
62100 8e-05
62200 8e-05
62300 0.000142
62400 8e-05
62500 9.1e-05
62600 9.8e-05
62700 9.1e-05
62800 8.5e-05
62900 9.6e-05
63000 0.000115
63100 9.1e-05
63200 0.000114
63300 8.1e-05
63400 8.4e-05
63500 8.2e-05
63600 8.6e-05
63700 8.5e-05
63800 8.3e-05
63900 8.3e-05
64000 8.4e-05
64100 8.4e-05
64200 8.3e-05
64300 8.2e-05
64400 0.000122
64500 8.3e-05
64600 0.000111
64700 8.3e-05
64800 8.5e-05
64900 8.4e-05
65000 8.4e-05
65100 8.5e-05
65200 8.7e-05
65300 8.4e-05
65400 8.4e-05
65500 0.000104
65600 9.1e-05
65700 0.00011
65800 0.000107
65900 8.8e-05
66000 9.5e-05
66100 8.5e-05
66200 8.5e-05
66300 8.3e-05
66400 9.6e-05
66500 9.6e-05
66600 9e-05
66700 9.7e-05
66800 0.00012
66900 0.000109
67000 8.8e-05
67100 0.00019
67200 9.1e-05
67300 0.000121
67400 0.000162
67500 0.000108
67600 0.000125
67700 9.3e-05
67800 9.2e-05
67900 0.000117
68000 8.8e-05
68100 8.9e-05
68200 8.8e-05
68300 8.9e-05
68400 0.000369
68500 8.8e-05
68600 9.4e-05
68700 9e-05
68800 9.6e-05
68900 9.3e-05
69000 0.000116
69100 0.00011
69200 9.1e-05
69300 0.000101
69400 0.000139
69500 0.000111
69600 0.000154
69700 9e-05
69800 8.9e-05
69900 0.000129
70000 0.000236
70100 0.000121
70200 9.3e-05
70300 9.1e-05
70400 9.1e-05
70500 0.000118
70600 9.1e-05
70700 9.2e-05
70800 9.1e-05
70900 9.2e-05
71000 9.1e-05
71100 0.000158
71200 0.0001
71300 9.2e-05
71400 9.4e-05
71500 0.000112
71600 0.000114
71700 9.6e-05
71800 9.7e-05
71900 9.9e-05
72000 9.3e-05
72100 9.4e-05
72200 9.4e-05
72300 0.000124
72400 9.5e-05
72500 0.000129
72600 0.000106
72700 9.7e-05
72800 0.000112
72900 0.000109
73000 0.000105
73100 0.000101
73200 0.000113
73300 9.5e-05
73400 0.000155
73500 9.6e-05
73600 0.000101
73700 9.7e-05
73800 9.6e-05
73900 0.000125
74000 9.6e-05
74100 0.000136
74200 9.7e-05
74300 0.000104
74400 9.5e-05
74500 9.7e-05
74600 9.6e-05
74700 0.000114
74800 0.000101
74900 9.8e-05
75000 0.000101
75100 9.6e-05
75200 9.9e-05
75300 9.8e-05
75400 9.9e-05
75500 0.000138
75600 9.9e-05
75700 0.000101
75800 9.8e-05
75900 0.000101
76000 0.000101
76100 9.8e-05
76200 0.0001
76300 9.9e-05
76400 0.000103
76500 0.000116
76600 0.000112
76700 9.9e-05
76800 0.000105
76900 0.0001
77000 0.000109
77100 0.000111
77200 0.000105
77300 0.000101
77400 9.9e-05
77500 0.0001
77600 0.000101
77700 0.0001
77800 0.000108
77900 0.000102
78000 0.000101
78100 0.0001
78200 0.000135
78300 0.000106
78400 0.000109
78500 0.000108
78600 0.000107
78700 0.00012
78800 0.000109
78900 0.000108
79000 0.000122
79100 0.000122
79200 0.000101
79300 0.000103
79400 0.000102
79500 0.000107
79600 0.000152
79700 0.000116
79800 0.00011
79900 0.00025
80000 0.000132
80100 0.00012
80200 0.000109
80300 0.000135
80400 0.000111
80500 0.000105
80600 0.000107
80700 0.00045
80800 0.000105
80900 0.000107
81000 0.000105
81100 0.000178
81200 0.000104
81300 0.000108
81400 0.000109
81500 0.000104
81600 0.000126
81700 0.000105
81800 0.000105
81900 0.000149
82000 0.000106
82100 0.000115
82200 0.000105
82300 0.000107
82400 0.000134
82500 0.000106
82600 0.00011
82700 0.000107
82800 0.000107
82900 0.000107
83000 0.000107
83100 0.00011
83200 0.000194
83300 0.00011
83400 0.000154
83500 0.000201
83600 0.000115
83700 0.000124
83800 0.000152
83900 0.000197
84000 0.000109
84100 0.000112
84200 0.000113
84300 0.000184
84400 0.000109
84500 0.000119
84600 0.000193
84700 0.000128
84800 0.000111
84900 0.000108
85000 0.000109
85100 0.000115
85200 0.000108
85300 0.000112
85400 0.000111
85500 0.00011
85600 0.000116
85700 0.00011
85800 0.000112
85900 0.000114
86000 0.00011
86100 0.000114
86200 0.000163
86300 0.000111
86400 0.000162
86500 0.000152
86600 0.000115
86700 0.000114
86800 0.000113
86900 0.00017
87000 0.000112
87100 0.000138
87200 0.000129
87300 0.000113
87400 0.000258
87500 0.000147
87600 0.000126
87700 0.000114
87800 0.000122
87900 0.000112
88000 0.000128
88100 0.000123
88200 0.000121
88300 0.00013
88400 0.00013
88500 0.000126
88600 0.000127
88700 0.000118
88800 0.000113
88900 0.000128
89000 0.000145
89100 0.000277
89200 0.000128
89300 0.000156
89400 0.000123
89500 0.000115
89600 0.000117
89700 0.00012
89800 0.000114
89900 0.000138
90000 0.000125
90100 0.000122
90200 0.00013
90300 0.000125
90400 0.000122
90500 0.000116
90600 0.000122
90700 0.000124
90800 0.000251
90900 0.000133
91000 0.000117
91100 0.000118
91200 0.000128
91300 0.000119
91400 0.000117
91500 0.000122
91600 0.000118
91700 0.000122
91800 0.000122
91900 0.000117
92000 0.000125
92100 0.000125
92200 0.000132
92300 0.000126
92400 0.000124
92500 0.00012
92600 0.000122
92700 0.00012
92800 0.00012
92900 0.000127
93000 0.000142
93100 0.00012
93200 0.000122
93300 0.000121
93400 0.000119
93500 0.000121
93600 0.000134
93700 0.000127
93800 0.000121
93900 0.000131
94000 0.000239
94100 0.000128
94200 0.00013
94300 0.000118
94400 0.000128
94500 0.000136
94600 0.000277
94700 0.000145
94800 0.000136
94900 0.000145
95000 0.000174
95100 0.000186
95200 0.000133
95300 0.000129
95400 0.000144
95500 0.000123
95600 0.000125
95700 0.000192
95800 0.000122
95900 0.000126
96000 0.000255
96100 0.000124
96200 0.000127
96300 0.000175
96400 0.000125
96500 0.000126
96600 0.000138
96700 0.000159
96800 0.000134
96900 0.000125
97000 0.000124
97100 0.000128
97200 0.000127
97300 0.000132
97400 0.000172
97500 0.000134
97600 0.000142
97700 0.000155
97800 0.000141
97900 0.000231
98000 0.000147
98100 0.000174
98200 0.000134
98300 0.00015
98400 0.000136
98500 0.000209
98600 0.000171
98700 0.000144
98800 0.000208
98900 0.000128
99000 0.000136
99100 0.000139
99200 0.000136
99300 0.000128
99400 0.000132
99500 0.000127
99600 0.000207
99700 0.000133
99800 0.000136
99900 0.000139
100000 0.000143
100100 0.000128
100200 0.000129
100300 0.000135
100400 0.000128
100500 0.000138
100600 0.000135
100700 0.000141
100800 0.000144
100900 0.000145
101000 0.00013
101100 0.000145
101200 0.000137
101300 0.000188
101400 0.000149
101500 0.000139
101600 0.000133
101700 0.000131
101800 0.00013
101900 0.000139
102000 0.000132
102100 0.000143
102200 0.000174
102300 0.000132
102400 0.000137
102500 0.00014
102600 0.000198
102700 0.000132
102800 0.000149
102900 0.000143
103000 0.000141
103100 0.000148
103200 0.000138
103300 0.000133
103400 0.000141
103500 0.000137
103600 0.000224
103700 0.000147
103800 0.00015
103900 0.000143
104000 0.00014
104100 0.000161
104200 0.000144
104300 0.00014
104400 0.000134
104500 0.000135
104600 0.000141
104700 0.000134
104800 0.000136
104900 0.00014
105000 0.000193
105100 0.000294
105200 0.000138
105300 0.000168
105400 0.000265
105500 0.000187
105600 0.000138
105700 0.000137
105800 0.000142
105900 0.000141
106000 0.000136
106100 0.000211
106200 0.000141
106300 0.000161
106400 0.00014
106500 0.000137
106600 0.000178
106700 0.000147
106800 0.000193
106900 0.000155
107000 0.000155
107100 0.000264
107200 0.000141
107300 0.000236
107400 0.000138
107500 0.000265
107600 0.000144
107700 0.000147
107800 0.000211
107900 0.000142
108000 0.000143
108100 0.000208
108200 0.000212
108300 0.00014
108400 0.000139
108500 0.000147
108600 0.000141
108700 0.000144
108800 0.000144
108900 0.000216
109000 0.000302
109100 0.00014
109200 0.000273
109300 0.000267
109400 0.000149
109500 0.000187
109600 0.000141
109700 0.000143
109800 0.000227
109900 0.000142
110000 0.000223
110100 0.000229
110200 0.000169
110300 0.00016
110400 0.000143
110500 0.000143
110600 0.000146
110700 0.000224
110800 0.000168
110900 0.000162
111000 0.000322
111100 0.000143
111200 0.000145
111300 0.000144
111400 0.000335
111500 0.000154
111600 0.000158
111700 0.000153
111800 0.000148
111900 0.000147
112000 0.000149
112100 0.000145
112200 0.000146
112300 0.00016
112400 0.000148
112500 0.0002
112600 0.00015
112700 0.000145
112800 0.000152
112900 0.000148
113000 0.000175
113100 0.000147
113200 0.000164
113300 0.000147
113400 0.000224
113500 0.000145
113600 0.000147
113700 0.000151
113800 0.000303
113900 0.00022
114000 0.000145
114100 0.000149
114200 0.000153
114300 0.00024
114400 0.00015
114500 0.000165
114600 0.00015
114700 0.000227
114800 0.000161
114900 0.000152
115000 0.000148
115100 0.000237
115200 0.000172
115300 0.000149
115400 0.000189
115500 0.000152
115600 0.000244
115700 0.000154
115800 0.000256
115900 0.000149
116000 0.000151
116100 0.000241
116200 0.000152
116300 0.000203
116400 0.000204
116500 0.00015
116600 0.00015
116700 0.000189
116800 0.00017
116900 0.000236
117000 0.000221
117100 0.000235
117200 0.000152
117300 0.00015
117400 0.00024
117500 0.000167
117600 0.000153
117700 0.000225
117800 0.000236
117900 0.000153
118000 0.000156
118100 0.000159
118200 0.000154
118300 0.000153
118400 0.000371
118500 0.000158
118600 0.000153
118700 0.000155
118800 0.000153
118900 0.000244
119000 0.000155
119100 0.000243
119200 0.000154
119300 0.000156
119400 0.00024
119500 0.000238
119600 0.000242
119700 0.000244
119800 0.000164
119900 0.000243
120000 0.000163
120100 0.000155
120200 0.000253
120300 0.00033
120400 0.000176
120500 0.000286
120600 0.000156
120700 0.000155
120800 0.000158
120900 0.000158
121000 0.000247
121100 0.000156
121200 0.000247
121300 0.000157
121400 0.000184
121500 0.000183
121600 0.000223
121700 0.000156
121800 0.000253
121900 0.000156
122000 0.000168
122100 0.000314
122200 0.000225
122300 0.000255
122400 0.000156
122500 0.000254
122600 0.000164
122700 0.000161
122800 0.000253
122900 0.000159
123000 0.000274
123100 0.000249
123200 0.00016
123300 0.000253
123400 0.000248
123500 0.000297
123600 0.000165
123700 0.000164
123800 0.000158
123900 0.000159
124000 0.000252
124100 0.000254
124200 0.000447
124300 0.000174
124400 0.00026
124500 0.000218
124600 0.000253
124700 0.00016
124800 0.000164
124900 0.000166
125000 0.000239
125100 0.000164
125200 0.000255
125300 0.000161
125400 0.000167
125500 0.000283
125600 0.000168
125700 0.000163
125800 0.000167
125900 0.000165
126000 0.000175
126100 0.000245
126200 0.00016
126300 0.000161
126400 0.000166
126500 0.000178
126600 0.000238
126700 0.000161
126800 0.000165
126900 0.000164
127000 0.000208
127100 0.000239
127200 0.000162
127300 0.000181
127400 0.000167
127500 0.00019
127600 0.000287
127700 0.000183
127800 0.000176
127900 0.000178
128000 0.000171
128100 0.000164
128200 0.000178
128300 0.000235
128400 0.000203
128500 0.000244
128600 0.000174
128700 0.000174
128800 0.000188
128900 0.000218
129000 0.00024
129100 0.000179
129200 0.000166
129300 0.000169
129400 0.000192
129500 0.000189
129600 0.000254
129700 0.000188
129800 0.000186
129900 0.000198
130000 0.000215
130100 0.000181
130200 0.000173
130300 0.000185
130400 0.00022
130500 0.000186
130600 0.000168
130700 0.000183
130800 0.000187
130900 0.000195
131000 0.000331
131100 0.000169
131200 0.000173
131300 0.000192
131400 0.000287
131500 0.00017
131600 0.000168
131700 0.000333
131800 0.000207
131900 0.000203
132000 0.00017
132100 0.000204
132200 0.000172
132300 0.000195
132400 0.000202
132500 0.000175
132600 0.000185
132700 0.000209
132800 0.000172
132900 0.000202
133000 0.000181
133100 0.000191
133200 0.000208
133300 0.000358
133400 0.000182
133500 0.00018
133600 0.000171
133700 0.000176
133800 0.000175
133900 0.000316
134000 0.000175
134100 0.000175
134200 0.000193
134300 0.00017
134400 0.000276
134500 0.000173
134600 0.000181
134700 0.000207
134800 0.000194
134900 0.000207
135000 0.000538
135100 0.000224
135200 0.00022
135300 0.000189
135400 0.000173
135500 0.000176
135600 0.000211
135700 0.00027
135800 0.00022
135900 0.000189
136000 0.000177
136100 0.00018
136200 0.000181
136300 0.000309
136400 0.000182
136500 0.000176
136600 0.000358
136700 0.000297
136800 0.000197
136900 0.000191
137000 0.000254
137100 0.000185
137200 0.000176
137300 0.000208
137400 0.000195
137500 0.000201
137600 0.000185
137700 0.000264
137800 0.000178
137900 0.000179
138000 0.000182
138100 0.000218
138200 0.000286
138300 0.000294
138400 0.000198
138500 0.000177
138600 0.000178
138700 0.000183
138800 0.00018
138900 0.000192
139000 0.00024
139100 0.000184
139200 0.000183
139300 0.000257
139400 0.000181
139500 0.000186
139600 0.000271
139700 0.000196
139800 0.000181
139900 0.000181
140000 0.000181
140100 0.000183
140200 0.000193
140300 0.000204
140400 0.000182
140500 0.000192
140600 0.000188
140700 0.000217
140800 0.000191
140900 0.000185
141000 0.000194
141100 0.000184
141200 0.000184
141300 0.000278
141400 0.000372
141500 0.000182
141600 0.000184
141700 0.000184
141800 0.000195
141900 0.000188
142000 0.000183
142100 0.000221
142200 0.000208
142300 0.000206
142400 0.000212
142500 0.00022
142600 0.000195
142700 0.000217
142800 0.000183
142900 0.000187
143000 0.000188
143100 0.000189
143200 0.000181
143300 0.000185
143400 0.000184
143500 0.000184
143600 0.000188
143700 0.000326
143800 0.000191
143900 0.000232
144000 0.000184
144100 0.000191
144200 0.000206
144300 0.000247
144400 0.000188
144500 0.000187
144600 0.00024
144700 0.000193
144800 0.000294
144900 0.000184
145000 0.000187
145100 0.000207
145200 0.000192
145300 0.00025
145400 0.000296
145500 0.000209
145600 0.000186
145700 0.000197
145800 0.00022
145900 0.000199
146000 0.000197
146100 0.000253
146200 0.000264
146300 0.000191
146400 0.000188
146500 0.000456
146600 0.000191
146700 0.000202
146800 0.000216
146900 0.000189
147000 0.000209
147100 0.00021
147200 0.00024
147300 0.000339
147400 0.000228
147500 0.000213
147600 0.000271
147700 0.000212
147800 0.000217
147900 0.000235
148000 0.000196
148100 0.000217
148200 0.000315
148300 0.000189
148400 0.000194
148500 0.000193
148600 0.000204
148700 0.000196
148800 0.000391
148900 0.000194
149000 0.000475
149100 0.000198
149200 0.000198
149300 0.00019
149400 0.000192
149500 0.000193
149600 0.000226
149700 0.000194
149800 0.000283
149900 0.000206
150000 0.000203
150100 0.000201
150200 0.000194
150300 0.000239
150400 0.000196
150500 0.00059
150600 0.000196
150700 0.000196
150800 0.000198
150900 0.000188
151000 0.000368
151100 0.000194
151200 0.000195
151300 0.000198
151400 0.000197
151500 0.0002
151600 0.000203
151700 0.000232
151800 0.000203
151900 0.000201
152000 0.000282
152100 0.000196
152200 0.000196
152300 0.000198
152400 0.000197
152500 0.000348
152600 0.000235
152700 0.000197
152800 0.000201
152900 0.00029
153000 0.000195
153100 0.000326
153200 0.00037
153300 0.000339
153400 0.00031
153500 0.000215
153600 0.000337
153700 0.000267
153800 0.000199
153900 0.000253
154000 0.000208
154100 0.000198
154200 0.000202
154300 0.000201
154400 0.000236
154500 0.000203
154600 0.000202
154700 0.000204
154800 0.000311
154900 0.000198
155000 0.000199
155100 0.000198
155200 0.000198
155300 0.000203
155400 0.000202
155500 0.000203
155600 0.000203
155700 0.000248
155800 0.000208
155900 0.000309
156000 0.000201
156100 0.000308
156200 0.000201
156300 0.000208
156400 0.000201
156500 0.000205
156600 0.000203
156700 0.000227
156800 0.000205
156900 0.000202
157000 0.00021
157100 0.000202
157200 0.000226
157300 0.000215
157400 0.000213
157500 0.000201
157600 0.000218
157700 0.000205
157800 0.000206
157900 0.000207
158000 0.000208
158100 0.000204
158200 0.000239
158300 0.000205
158400 0.000264
158500 0.000301
158600 0.000205
158700 0.000206
158800 0.00021
158900 0.000204
159000 0.000206
159100 0.00036
159200 0.00021
159300 0.000205
159400 0.000316
159500 0.000271
159600 0.000412
159700 0.000229
159800 0.000223
159900 0.000209
160000 0.000459
160100 0.000229
160200 0.000209
160300 0.000215
160400 0.00025
160500 0.000297
160600 0.000215
160700 0.000226
160800 0.000225
160900 0.000247
161000 0.000231
161100 0.000221
161200 0.000206
161300 0.000205
161400 0.00021
161500 0.000339
161600 0.00021
161700 0.000211
161800 0.000259
161900 0.000212
162000 0.000432
162100 0.000227
162200 0.000268
162300 0.000219
162400 0.000242
162500 0.000231
162600 0.000221
162700 0.000213
162800 0.000278
162900 0.000224
163000 0.000469
163100 0.000337
163200 0.000223
163300 0.000207
163400 0.00021
163500 0.000209
163600 0.000239
163700 0.000222
163800 0.000209
163900 0.000226
164000 0.00025
164100 0.000211
164200 0.000272
164300 0.000235
164400 0.00025
164500 0.000211
164600 0.000238
164700 0.000231
164800 0.000272
164900 0.000587
165000 0.000232
165100 0.000269
165200 0.000241
165300 0.000226
165400 0.000214
165500 0.000218
165600 0.000215
165700 0.000214
165800 0.000219
165900 0.000222
166000 0.00023
166100 0.000225
166200 0.000217
166300 0.000262
166400 0.000234
166500 0.000367
166600 0.000217
166700 0.000223
166800 0.000242
166900 0.000281
167000 0.000221
167100 0.000404
167200 0.000239
167300 0.000337
167400 0.000219
167500 0.000215
167600 0.00023
167700 0.000218
167800 0.000216
167900 0.000232
168000 0.000215
168100 0.000216
168200 0.000215
168300 0.000218
168400 0.000221
168500 0.000219
168600 0.000219
168700 0.000234
168800 0.000216
168900 0.000218
169000 0.000349
169100 0.000221
169200 0.000224
169300 0.000218
169400 0.00022
169500 0.000225
169600 0.000214
169700 0.000224
169800 0.000216
169900 0.000316
170000 0.000207
170100 0.000219
170200 0.000217
170300 0.000252
170400 0.000522
170500 0.000218
170600 0.000212
170700 0.000229
170800 0.000236
170900 0.00022
171000 0.000261
171100 0.00022
171200 0.000227
171300 0.000221
171400 0.000295
171500 0.000238
171600 0.000224
171700 0.000224
171800 0.000237
171900 0.000243
172000 0.000283
172100 0.000222
172200 0.000223
172300 0.000248
172400 0.000255
172500 0.000261
172600 0.000266
172700 0.000223
172800 0.000334
172900 0.000263
173000 0.000226
173100 0.000228
173200 0.000227
173300 0.00023
173400 0.00028
173500 0.000238
173600 0.000224
173700 0.000228
173800 0.000227
173900 0.00024
174000 0.000266
174100 0.000248
174200 0.000223
174300 0.000236
174400 0.000222
174500 0.000226
174600 0.000329
174700 0.000246
174800 0.000392
174900 0.00026
175000 0.000241
175100 0.000254
175200 0.000247
175300 0.000229
175400 0.00023
175500 0.000315
175600 0.000272
175700 0.000235
175800 0.000254
175900 0.000233
176000 0.000233
176100 0.000328
176200 0.00026
176300 0.000273
176400 0.000234
176500 0.000231
176600 0.00023
176700 0.00023
176800 0.000254
176900 0.000255
177000 0.000288
177100 0.000242
177200 0.000233
177300 0.000242
177400 0.00023
177500 0.000295
177600 0.000242
177700 0.000228
177800 0.00026
177900 0.000259
178000 0.000231
178100 0.000229
178200 0.000229
178300 0.000226
178400 0.00023
178500 0.000229
178600 0.000232
178700 0.00023
178800 0.000246
178900 0.000248
179000 0.000258
179100 0.000301
179200 0.000235
179300 0.000288
179400 0.000229
179500 0.000317
179600 0.000245
179700 0.000247
179800 0.000254
179900 0.00023
180000 0.000232
180100 0.000233
180200 0.000232
180300 0.000262
180400 0.000233
180500 0.000233
180600 0.000232
180700 0.000236
180800 0.000233
180900 0.000234
181000 0.000235
181100 0.000366
181200 0.000234
181300 0.000235
181400 0.000357
181500 0.000272
181600 0.000391
181700 0.000497
181800 0.000385
181900 0.000401
182000 0.000486
182100 0.000291
182200 0.000469
182300 0.00033
182400 0.000246
182500 0.000246
182600 0.00026
182700 0.000398
182800 0.000243
182900 0.000242
183000 0.00024
183100 0.000243
183200 0.000235
183300 0.00026
183400 0.000238
183500 0.000249
183600 0.00026
183700 0.000281
183800 0.00043
183900 0.000264
184000 0.00028
184100 0.000253
184200 0.000265
184300 0.000243
184400 0.000239
184500 0.000242
184600 0.000238
184700 0.000345
184800 0.000241
184900 0.000243
185000 0.000241
185100 0.000239
185200 0.000241
185300 0.000255
185400 0.000242
185500 0.000276
185600 0.000454
185700 0.000255
185800 0.000263
185900 0.000243
186000 0.000245
186100 0.00024
186200 0.000279
186300 0.000267
186400 0.000263
186500 0.000248
186600 0.000309
186700 0.000273
186800 0.000244
186900 0.000241
187000 0.000325
187100 0.000294
187200 0.00035
187300 0.000287
187400 0.000293
187500 0.000275
187600 0.000289
187700 0.000269
187800 0.00024
187900 0.000243
188000 0.000244
188100 0.000244
188200 0.000246
188300 0.000248
188400 0.000358
188500 0.000246
188600 0.000286
188700 0.000258
188800 0.000292
188900 0.000273
189000 0.000241
189100 0.000312
189200 0.00027
189300 0.000257
189400 0.000348
189500 0.000348
189600 0.000349
189700 0.00029
189800 0.000311
189900 0.00047
190000 0.00028
190100 0.000254
190200 0.00025
190300 0.000249
190400 0.000309
190500 0.000243
190600 0.00026
190700 0.00038
190800 0.000535
190900 0.000512
191000 0.000313
191100 0.000333
191200 0.000253
191300 0.000249
191400 0.000294
191500 0.000259
191600 0.000262
191700 0.000263
191800 0.000289
191900 0.000251
192000 0.000263
192100 0.00025
192200 0.00043
192300 0.000255
192400 0.000285
192500 0.000292
192600 0.000253
192700 0.000272
192800 0.000331
192900 0.000262
193000 0.000409
193100 0.000266
193200 0.000316
193300 0.000278
193400 0.000383
193500 0.000387
193600 0.000256
193700 0.000277
193800 0.000268
193900 0.000285
194000 0.000487
194100 0.000258
194200 0.00027
194300 0.000289
194400 0.000256
194500 0.000332
194600 0.000423
194700 0.00033
194800 0.000262
194900 0.000317
195000 0.000265
195100 0.000363
195200 0.000257
195300 0.000258
195400 0.000284
195500 0.000272
195600 0.000255
195700 0.000266
195800 0.000273
195900 0.000265
196000 0.000267
196100 0.000251
196200 0.000298
196300 0.000543
196400 0.000285
196500 0.000257
196600 0.000269
196700 0.000286
196800 0.000284
196900 0.000312
197000 0.000249
197100 0.000249
197200 0.000259
197300 0.00026
197400 0.000284
197500 0.000271
197600 0.000255
197700 0.000261
197800 0.00028
197900 0.000261
198000 0.000287
198100 0.00032
198200 0.000272
198300 0.000267
198400 0.000256
198500 0.000351
198600 0.000284
198700 0.000343
198800 0.000284
198900 0.000379
199000 0.00026
199100 0.000259
199200 0.000303
199300 0.000272
199400 0.00028
199500 0.000273
199600 0.000275
199700 0.000259
199800 0.000264
199900 0.000356
200000 0.000424
200100 0.000264
200200 0.000295
200300 0.000309
200400 0.00028
200500 0.000415
200600 0.000765
200700 0.000311
200800 0.000308
200900 0.000437
201000 0.000315
201100 0.000261
201200 0.000284
201300 0.000331
201400 0.000323
201500 0.000267
201600 0.000305
201700 0.000329
201800 0.000416
201900 0.000392
202000 0.00028
202100 0.000276
202200 0.000307
202300 0.000316
202400 0.000282
202500 0.000346
202600 0.000281
202700 0.000331
202800 0.000294
202900 0.00029
203000 0.000313
203100 0.000292
203200 0.000261
203300 0.000261
203400 0.000448
203500 0.000301
203600 0.000311
203700 0.000263
203800 0.000263
203900 0.00037
204000 0.000717
204100 0.000273
204200 0.000266
204300 0.000275
204400 0.000268
204500 0.000275
204600 0.000268
204700 0.000317
204800 0.000265
204900 0.000264
205000 0.000263
205100 0.000386
205200 0.000266
205300 0.00029
205400 0.000283
205500 0.000282
205600 0.000294
205700 0.000352
205800 0.000272
205900 0.000267
206000 0.000271
206100 0.000284
206200 0.000274
206300 0.000299
206400 0.000342
206500 0.000267
206600 0.000267
206700 0.000369
206800 0.000269
206900 0.000447
207000 0.000294
207100 0.0003
207200 0.000268
207300 0.000273
207400 0.000305
207500 0.000271
207600 0.000287
207700 0.000281
207800 0.000493
207900 0.000288
208000 0.000299
208100 0.000299
208200 0.000304
208300 0.000386
208400 0.000349
208500 0.000286
208600 0.000267
208700 0.000401
208800 0.000292
208900 0.000303
209000 0.000323
209100 0.000548
209200 0.0003
209300 0.000287
209400 0.00027
209500 0.000321
209600 0.000315
209700 0.000371
209800 0.000284
209900 0.000286
210000 0.000291
210100 0.00035
210200 0.000307
210300 0.000312
210400 0.000273
210500 0.000594
210600 0.000278
210700 0.000273
210800 0.000271
210900 0.000273
211000 0.000283
211100 0.000341
211200 0.000533
211300 0.000277
211400 0.000296
211500 0.000423
211600 0.000276
211700 0.000275
211800 0.000309
211900 0.000311
212000 0.000276
212100 0.000303
212200 0.000299
212300 0.000356
212400 0.000293
212500 0.000275
212600 0.00041
212700 0.000277
212800 0.000273
212900 0.000306
213000 0.000275
213100 0.000294
213200 0.000294
213300 0.000278
213400 0.000308
213500 0.000307
213600 0.000306
213700 0.000308
213800 0.000278
213900 0.000278
214000 0.000414
214100 0.000546
214200 0.000284
214300 0.000305
214400 0.000599
214500 0.000421
214600 0.000309
214700 0.000282
214800 0.000288
214900 0.000308
215000 0.000287
215100 0.000288
215200 0.000296
215300 0.000283
215400 0.000299
215500 0.000558
215600 0.000289
215700 0.000285
215800 0.000298
215900 0.00034
216000 0.000498
216100 0.000311
216200 0.00029
216300 0.0003
216400 0.000508
216500 0.00038
216600 0.000486
216700 0.000289
216800 0.000288
216900 0.000527
217000 0.000288
217100 0.000333
217200 0.000515
217300 0.000583
217400 0.000473
217500 0.000314
217600 0.000318
217700 0.000289
217800 0.000312
217900 0.000298
218000 0.000298
218100 0.000286
218200 0.000292
218300 0.000504
218400 0.000317
218500 0.000585
218600 0.000303
218700 0.000296
218800 0.000283
218900 0.000337
219000 0.000296
219100 0.000322
219200 0.000285
219300 0.000528
219400 0.000299
219500 0.000289
219600 0.000564
219700 0.000539
219800 0.000297
219900 0.000294
220000 0.000354
220100 0.000294
220200 0.000571
220300 0.00029
220400 0.000429
220500 0.000295
220600 0.000449
220700 0.000293
220800 0.0003
220900 0.000632
221000 0.000439
221100 0.000563
221200 0.000291
221300 0.000629
221400 0.000297
221500 0.000449
221600 0.000324
221700 0.000294
221800 0.000648
221900 0.000324
222000 0.000336
222100 0.000298
222200 0.000299
222300 0.000329
222400 0.000367
222500 0.000328
222600 0.000302
222700 0.0003
222800 0.000293
222900 0.000322
223000 0.000309
223100 0.000298
223200 0.00029
223300 0.000386
223400 0.000611
223500 0.000294
223600 0.000343
223700 0.000327
223800 0.00043
223900 0.0003
224000 0.000301
224100 0.000526
224200 0.00037
224300 0.000477
224400 0.000394
224500 0.000548
224600 0.000308
224700 0.000317
224800 0.00051
224900 0.000298
225000 0.000338
225100 0.00029
225200 0.000295
225300 0.000299
225400 0.000293
225500 0.0005
225600 0.000291
225700 0.00029
225800 0.000477
225900 0.000311
226000 0.000298
226100 0.000292
226200 0.000291
226300 0.00039
226400 0.000298
226500 0.000313
226600 0.000307
226700 0.000328
226800 0.000315
226900 0.000294
227000 0.000326
227100 0.000292
227200 0.000293
227300 0.000298
227400 0.00044
227500 0.000392
227600 0.000334
227700 0.000321
227800 0.00035
227900 0.000291
228000 0.000278
228100 0.000282
228200 0.000313
228300 0.00035
228400 0.000292
228500 0.000305
228600 0.000299
228700 0.000298
228800 0.000299
228900 0.000284
229000 0.000302
229100 0.000307
229200 0.000505
229300 0.000463
229400 0.000312
229500 0.000325
229600 0.000344
229700 0.000307
229800 0.000302
229900 0.000299
230000 0.000361
230100 0.000309
230200 0.000349
230300 0.000331
230400 0.000543
230500 0.00035
230600 0.000318
230700 0.000303
230800 0.000338
230900 0.00033
231000 0.000377
231100 0.00042
231200 0.000376
231300 0.000439
231400 0.000347
231500 0.000622
231600 0.0003
231700 0.000298
231800 0.000298
231900 0.000326
232000 0.000299
232100 0.000322
232200 0.000298
232300 0.000319
232400 0.000342
232500 0.000316
232600 0.000297
232700 0.0003
232800 0.000336
232900 0.000339
233000 0.000339
233100 0.000341
233200 0.000321
233300 0.000436
233400 0.000513
233500 0.000301
233600 0.000316
233700 0.000323
233800 0.000387
233900 0.000302
234000 0.000303
234100 0.000426
234200 0.000327
234300 0.000307
234400 0.000301
234500 0.00029
234600 0.000307
234700 0.000305
234800 0.000309
234900 0.000286
235000 0.000393
235100 0.000324
235200 0.000327
235300 0.000336
235400 0.000436
235500 0.000307
235600 0.000323
235700 0.000406
235800 0.000326
235900 0.000308
236000 0.000307
236100 0.000334
236200 0.000375
236300 0.00031
236400 0.000328
236500 0.00044
236600 0.000331
236700 0.000305
236800 0.000331
236900 0.000328
237000 0.000309
237100 0.000398
237200 0.000337
237300 0.000423
237400 0.000314
237500 0.000307
237600 0.000326
237700 0.000521
237800 0.000351
237900 0.000311
238000 0.00031
238100 0.00033
238200 0.000311
238300 0.000379
238400 0.000319
238500 0.000345
238600 0.000534
238700 0.000468
238800 0.00035
238900 0.000356
239000 0.000689
239100 0.00031
239200 0.000383
239300 0.000459
239400 0.000333
239500 0.00036
239600 0.000311
239700 0.000325
239800 0.000314
239900 0.000322
240000 0.000387
240100 0.000315
240200 0.000353
240300 0.000309
240400 0.000314
240500 0.000339
240600 0.000977
240700 0.000315
240800 0.000374
240900 0.000333
241000 0.000328
241100 0.000342
241200 0.000319
241300 0.000317
241400 0.00031
241500 0.000332
241600 0.000426
241700 0.000371
241800 0.000314
241900 0.000352
242000 0.000356
242100 0.000328
242200 0.000394
242300 0.000513
242400 0.000327
242500 0.000559
242600 0.000316
242700 0.000322
242800 0.000315
242900 0.000353
243000 0.000369
243100 0.000375
243200 0.000312
243300 0.000369
243400 0.000479
243500 0.000317
243600 0.000318
243700 0.000335
243800 0.000333
243900 0.000348
244000 0.000433
244100 0.00034
244200 0.00032
244300 0.000315
244400 0.000318
244500 0.000978
244600 0.000314
244700 0.000326
244800 0.000319
244900 0.00034
245000 0.000351
245100 0.00038
245200 0.000405
245300 0.000365
245400 0.000537
245500 0.000321
245600 0.000333
245700 0.000497
245800 0.000323
245900 0.000355
246000 0.000324
246100 0.000342
246200 0.000387
246300 0.000336
246400 0.000342
246500 0.000412
246600 0.000334
246700 0.000348
246800 0.000322
246900 0.000321
247000 0.000335
247100 0.00032
247200 0.000335
247300 0.000343
247400 0.000702
247500 0.000321
247600 0.000325
247700 0.000658
247800 0.000348
247900 0.000348
248000 0.000338
248100 0.000319
248200 0.000321
248300 0.00035
248400 0.000335
248500 0.000329
248600 0.000348
248700 0.000373
248800 0.000332
248900 0.000346
249000 0.000332
249100 0.000322
249200 0.000344
249300 0.000462
249400 0.00031
249500 0.000328
249600 0.000489
249700 0.000318
249800 0.000324
249900 0.00036
250000 0.000322
250100 0.000354
250200 0.000343
250300 0.000658
250400 0.000323
250500 0.000348
250600 0.000348
250700 0.000412
250800 0.000439
250900 0.000331
251000 0.000326
251100 0.00038
251200 0.000372
251300 0.000345
251400 0.000333
251500 0.000423
251600 0.00037
251700 0.00105
251800 0.000401
251900 0.000372
252000 0.000364
252100 0.000325
252200 0.00039
252300 0.000353
252400 0.000364
252500 0.000365
252600 0.000326
252700 0.000337
252800 0.000351
252900 0.000331
253000 0.000344
253100 0.000331
253200 0.000614
253300 0.000347
253400 0.000346
253500 0.000498
253600 0.00033
253700 0.000369
253800 0.000388
253900 0.000767
254000 0.00039
254100 0.000391
254200 0.000362
254300 0.000479
254400 0.000344
254500 0.000344
254600 0.000455
254700 0.00034
254800 0.000333
254900 0.000337
255000 0.00035
255100 0.000331
255200 0.000335
255300 0.000688
255400 0.000403
255500 0.000335
255600 0.000346
255700 0.000552
255800 0.000333
255900 0.00033
256000 0.000341
256100 0.000334
256200 0.000366
256300 0.000336
256400 0.000369
256500 0.000419
256600 0.000361
256700 0.000347
256800 0.00033
256900 0.000479
257000 0.000479
257100 0.000333
257200 0.000337
257300 0.000336
257400 0.000329
257500 0.000333
257600 0.000395
257700 0.000339
257800 0.000338
257900 0.000356
258000 0.000341
258100 0.00035
258200 0.000334
258300 0.000341
258400 0.000358
258500 0.000349
258600 0.00033
258700 0.000358
258800 0.000578
258900 0.00034
259000 0.00034
259100 0.000342
259200 0.000353
259300 0.000353
259400 0.000342
259500 0.000494
259600 0.000376
259700 0.000414
259800 0.000627
259900 0.000414
260000 0.000337
260100 0.000343
260200 0.000352
260300 0.000368
260400 0.000339
260500 0.000512
260600 0.000339
260700 0.000356
260800 0.00034
260900 0.000369
261000 0.000345
261100 0.000688
261200 0.000346
261300 0.000337
261400 0.000352
261500 0.00036
261600 0.000452
261700 0.000344
261800 0.000339
261900 0.000367
262000 0.00038
262100 0.000461
262200 0.000344
262300 0.000344
262400 0.00039
262500 0.000345
262600 0.000367
262700 0.000342
262800 0.000358
262900 0.000379
263000 0.000347
263100 0.000478
263200 0.00037
263300 0.00034
263400 0.00034
263500 0.00033
263600 0.000381
263700 0.00034
263800 0.000332
263900 0.000364
264000 0.000491
264100 0.000342
264200 0.000359
264300 0.000344
264400 0.000365
264500 0.000444
264600 0.000409
264700 0.000343
264800 0.000532
264900 0.000347
265000 0.000344
265100 0.000334
265200 0.00057
265300 0.000367
265400 0.000355
265500 0.000568
265600 0.000523
265700 0.000344
265800 0.000385
265900 0.000364
266000 0.000348
266100 0.000351
266200 0.000345
266300 0.000345
266400 0.000419
266500 0.000376
266600 0.000345
266700 0.000373
266800 0.000349
266900 0.000363
267000 0.000334
267100 0.00035
267200 0.000348
267300 0.000329
267400 0.000349
267500 0.000355
267600 0.000416
267700 0.000927
267800 0.000602
267900 0.00037
268000 0.000346
268100 0.000332
268200 0.000348
268300 0.000361
268400 0.000537
268500 0.000351
268600 0.000349
268700 0.000356
268800 0.000357
268900 0.000514
269000 0.000426
269100 0.000352
269200 0.000604
269300 0.000382
269400 0.000356
269500 0.000428
269600 0.000465
269700 0.000348
269800 0.000345
269900 0.000372
270000 0.000349
270100 0.000337
270200 0.000346
270300 0.000352
270400 0.000335
270500 0.000369
270600 0.000354
270700 0.000489
270800 0.000369
270900 0.000356
271000 0.000355
271100 0.000355
271200 0.000351
271300 0.000374
271400 0.000376
271500 0.000402
271600 0.000361
271700 0.000567
271800 0.000426
271900 0.000341
272000 0.00037
272100 0.000353
272200 0.000357
272300 0.000369
272400 0.00035
272500 0.000356
272600 0.000392
272700 0.000357
272800 0.000415
272900 0.000376
273000 0.000386
273100 0.000444
273200 0.00037
273300 0.000584
273400 0.000381
273500 0.00035
273600 0.000376
273700 0.000362
273800 0.000361
273900 0.000543
274000 0.000355
274100 0.0004
274200 0.000359
274300 0.000342
274400 0.000373
274500 0.000342
274600 0.000508
274700 0.000589
274800 0.000376
274900 0.000354
275000 0.000371
275100 0.000797
275200 0.00046
275300 0.00051
275400 0.000413
275500 0.000409
275600 0.000427
275700 0.000355
275800 0.000483
275900 0.000374
276000 0.000514
276100 0.000389
276200 0.000459
276300 0.000366
276400 0.000638
276500 0.000452
276600 0.000518
276700 0.000472
276800 0.000395
276900 0.00036
277000 0.000354
277100 0.000363
277200 0.000381
277300 0.000497
277400 0.000396
277500 0.000519
277600 0.00036
277700 0.000425
277800 0.000362
277900 0.000367
278000 0.000431
278100 0.000611
278200 0.000412
278300 0.000366
278400 0.000359
278500 0.00036
278600 0.000346
278700 0.000363
278800 0.000468
278900 0.000366
279000 0.000364
279100 0.00037
279200 0.00036
279300 0.000365
279400 0.000402
279500 0.000364
279600 0.000391
279700 0.000418
279800 0.000371
279900 0.000739
280000 0.000453
280100 0.00038
280200 0.000391
280300 0.000388
280400 0.000385
280500 0.000364
280600 0.000371
280700 0.000369
280800 0.000363
280900 0.000363
281000 0.000399
281100 0.000367
281200 0.000506
281300 0.000369
281400 0.000348
281500 0.000393
281600 0.000395
281700 0.000363
281800 0.000364
281900 0.00039
282000 0.000372
282100 0.000384
282200 0.000364
282300 0.000497
282400 0.000372
282500 0.000374
282600 0.000366
282700 0.000376
282800 0.000374
282900 0.000365
283000 0.000352
283100 0.000406
283200 0.000369
283300 0.000369
283400 0.000395
283500 0.000407
283600 0.000385
283700 0.000506
283800 0.00038
283900 0.000372
284000 0.000391
284100 0.000427
284200 0.000385
284300 0.000349
284400 0.000361
284500 0.000393
284600 0.000837
284700 0.000406
284800 0.000373
284900 0.000371
285000 0.000477
285100 0.000376
285200 0.000364
285300 0.000369
285400 0.000605
285500 0.000377
285600 0.000372
285700 0.000391
285800 0.000366
285900 0.000368
286000 0.000374
286100 0.000538
286200 0.000419
286300 0.000369
286400 0.000343
286500 0.000378
286600 0.000393
286700 0.000445
286800 0.000402
286900 0.000385
287000 0.000369
287100 0.000383
287200 0.000417
287300 0.000355
287400 0.000359
287500 0.000401
287600 0.000382
287700 0.000372
287800 0.000446
287900 0.000374
288000 0.000547
288100 0.000371
288200 0.00052
288300 0.000375
288400 0.000381
288500 0.000425
288600 0.000507
288700 0.000413
288800 0.000382
288900 0.000487
289000 0.000401
289100 0.000397
289200 0.000378
289300 0.000379
289400 0.000429
289500 0.000378
289600 0.000372
289700 0.000383
289800 0.000379
289900 0.000384
290000 0.000375
290100 0.000375
290200 0.000553
290300 0.000402
290400 0.000382
290500 0.000415
290600 0.00039
290700 0.000372
290800 0.000379
290900 0.000376
291000 0.000384
291100 0.000378
291200 0.000463
291300 0.000386
291400 0.000362
291500 0.000381
291600 0.000684
291700 0.000415
291800 0.000379
291900 0.000452
292000 0.000487
292100 0.000379
292200 0.000398
292300 0.000445
292400 0.000764
292500 0.000522
292600 0.000379
292700 0.000383
292800 0.000382
292900 0.00038
293000 0.000368
293100 0.000381
293200 0.000889
293300 0.000376
293400 0.000368
293500 0.000381
293600 0.000386
293700 0.000385
293800 0.000433
293900 0.000521
294000 0.000381
294100 0.000426
294200 0.00038
294300 0.000376
294400 0.000435
294500 0.000387
294600 0.000396
294700 0.000418
294800 0.000402
294900 0.000751
295000 0.000448
295100 0.000387
295200 0.00038
295300 0.000367
295400 0.000515
295500 0.000374
295600 0.00039
295700 0.000413
295800 0.000404
295900 0.000561
296000 0.000384
296100 0.000626
296200 0.000397
296300 0.000395
296400 0.000396
296500 0.000473
296600 0.000388
296700 0.00037
296800 0.000512
296900 0.00039
297000 0.00047
297100 0.000411
297200 0.000422
297300 0.000368
297400 0.000491
297500 0.000389
297600 0.00039
297700 0.000389
297800 0.000472
297900 0.000387
298000 0.000387
298100 0.000392
298200 0.000772
298300 0.000404
298400 0.000376
298500 0.000397
298600 0.000401
298700 0.000414
298800 0.000417
298900 0.000601
299000 0.000371
299100 0.000388
299200 0.000377
299300 0.000413
299400 0.000371
299500 0.000398
299600 0.000373
299700 0.000554
299800 0.00044
299900 0.000388
300000 0.000442
300100 0.000388
300200 0.000546
300300 0.000578
300400 0.000417
300500 0.00043
300600 0.000419
300700 0.000458
300800 0.000418
300900 0.00044
301000 0.000541
301100 0.000397
301200 0.000389
301300 0.000374
301400 0.000476
301500 0.000551
301600 0.000457
301700 0.000392
301800 0.000468
301900 0.000397
302000 0.000393
302100 0.000493
302200 0.000454
302300 0.000398
302400 0.00039
302500 0.000415
302600 0.00039
302700 0.000422
302800 0.000401
302900 0.000392
303000 0.000397
303100 0.000376
303200 0.000438
303300 0.000391
303400 0.000393
303500 0.000399
303600 0.000495
303700 0.000404
303800 0.000957
303900 0.000532
304000 0.000407
304100 0.000408
304200 0.000437
304300 0.0004
304400 0.000421
304500 0.000402
304600 0.00064
304700 0.00038
304800 0.000414
304900 0.000473
305000 0.00043
305100 0.000394
305200 0.000921
305300 0.000541
305400 0.000401
305500 0.00077
305600 0.00042
305700 0.000741
305800 0.000415
305900 0.000429
306000 0.000408
306100 0.000382
306200 0.00043
306300 0.000378
306400 0.000408
306500 0.000478
306600 0.000399
306700 0.000511
306800 0.000404
306900 0.00044
307000 0.000399
307100 0.000451
307200 0.000402
307300 0.00062
307400 0.000398
307500 0.000399
307600 0.000395
307700 0.000384
307800 0.000419
307900 0.000592
308000 0.000409
308100 0.000414
308200 0.000384
308300 0.000405
308400 0.000419
308500 0.000565
308600 0.000394
308700 0.00046
308800 0.000434
308900 0.000474
309000 0.000409
309100 0.000418
309200 0.000406
309300 0.000419
309400 0.000415
309500 0.000464
309600 0.000408
309700 0.000405
309800 0.000452
309900 0.000537
310000 0.000455
310100 0.000426
310200 0.000433
310300 0.000424
310400 0.000408
310500 0.000405
310600 0.000403
310700 0.000397
310800 0.000416
310900 0.000414
311000 0.000406
311100 0.000407
311200 0.000417
311300 0.000451
311400 0.000438
311500 0.000408
311600 0.000398
311700 0.000406
311800 0.000385
311900 0.000388
312000 0.000401
312100 0.000415
312200 0.000881
312300 0.000496
312400 0.000395
312500 0.000444
312600 0.000428
312700 0.00041
312800 0.000414
312900 0.000439
313000 0.000405
313100 0.000405
313200 0.000443
313300 0.000489
313400 0.000405
313500 0.000422
313600 0.000659
313700 0.000392
313800 0.000419
313900 0.000387
314000 0.00046
314100 0.000435
314200 0.000392
314300 0.000684
314400 0.000437
314500 0.000408
314600 0.000498
314700 0.00043
314800 0.000389
314900 0.000498
315000 0.0004
315100 0.000421
315200 0.000391
315300 0.000445
315400 0.000389
315500 0.000836
315600 0.000443
315700 0.000431
315800 0.00043
315900 0.000409
316000 0.000423
316100 0.000702
316200 0.000467
316300 0.000409
316400 0.00046
316500 0.000394
316600 0.000445
316700 0.000415
316800 0.000414
316900 0.000434
317000 0.000531
317100 0.000443
317200 0.000506
317300 0.000489
317400 0.000788
317500 0.000431
317600 0.000446
317700 0.000456
317800 0.000421
317900 0.000421
318000 0.000421
318100 0.000466
318200 0.000455
318300 0.000419
318400 0.000438
318500 0.001036
318600 0.000421
318700 0.000425
318800 0.000424
318900 0.000418
319000 0.000439
319100 0.000521
319200 0.000482
319300 0.000424
319400 0.000417
319500 0.000521
319600 0.00043
319700 0.000416
319800 0.000431
319900 0.000585
320000 0.000603
320100 0.000412
320200 0.000425
320300 0.000436
320400 0.0004
320500 0.000419
320600 0.000506
320700 0.000436
320800 0.000468
320900 0.000435
321000 0.000412
321100 0.000467
321200 0.000411
321300 0.000414
321400 0.000413
321500 0.000405
321600 0.000399
321700 0.000462
321800 0.000421
321900 0.000395
322000 0.000448
322100 0.000439
322200 0.000417
322300 0.000417
322400 0.000419
322500 0.000419
322600 0.000462
322700 0.00045
322800 0.000466
322900 0.000468
323000 0.000421
323100 0.000417
323200 0.000468
323300 0.000735
323400 0.000437
323500 0.000425
323600 0.000422
323700 0.000425
323800 0.000421
323900 0.000744
324000 0.000443
324100 0.000403
324200 0.000578
324300 0.000443
324400 0.000541
324500 0.000427
324600 0.000426
324700 0.000604
324800 0.000431
324900 0.000416
325000 0.000439
325100 0.00041
325200 0.000465
325300 0.000627
325400 0.000445
325500 0.000452
325600 0.00052
325700 0.000407
325800 0.0004
325900 0.000562
326000 0.000494
326100 0.000431
326200 0.000433
326300 0.00056
326400 0.000427
326500 0.000432
326600 0.000404
326700 0.000517
326800 0.000423
326900 0.000445
327000 0.000403
327100 0.000453
327200 0.000409
327300 0.000446
327400 0.00043
327500 0.00058
327600 0.000454
327700 0.000427
327800 0.000475
327900 0.000441
328000 0.000411
328100 0.000427
328200 0.00043
328300 0.000447
328400 0.000443
328500 0.000431
328600 0.000426
328700 0.000513
328800 0.000412
328900 0.000433
329000 0.000429
329100 0.000411
329200 0.000447
329300 0.000412
329400 0.000426
329500 0.000408
329600 0.000421
329700 0.000424
329800 0.000409
329900 0.000434
330000 0.00049
330100 0.000409
330200 0.000582
330300 0.000434
330400 0.00041
330500 0.000567
330600 0.000454
330700 0.000448
330800 0.000457
330900 0.000526
331000 0.000453
331100 0.000422
331200 0.00043
331300 0.000462
331400 0.000412
331500 0.000451
331600 0.00043
331700 0.000413
331800 0.000448
331900 0.000459
332000 0.000478
332100 0.000433
332200 0.000463
332300 0.000504
332400 0.000454
332500 0.000437
332600 0.00044
332700 0.000431
332800 0.000414
332900 0.000676
333000 0.000428
333100 0.000476
333200 0.000423
333300 0.000632
333400 0.00048
333500 0.000438
333600 0.000595
333700 0.000416
333800 0.000614
333900 0.00045
334000 0.000448
334100 0.00043
334200 0.000437
334300 0.000417
334400 0.000432
334500 0.000419
334600 0.000414
334700 0.001552
334800 0.000852
334900 0.000435
335000 0.000521
335100 0.000451
335200 0.000437
335300 0.000442
335400 0.000502
335500 0.000514
335600 0.000575
335700 0.000421
335800 0.000401
335900 0.000433
336000 0.000415
336100 0.000442
336200 0.000437
336300 0.000636
336400 0.000546
336500 0.000442
336600 0.000427
336700 0.000449
336800 0.000469
336900 0.000476
337000 0.000599
337100 0.000468
337200 0.000487
337300 0.000416
337400 0.000469
337500 0.000468
337600 0.000459
337700 0.000453
337800 0.000644
337900 0.00046
338000 0.000447
338100 0.000621
338200 0.000442
338300 0.000779
338400 0.000443
338500 0.000449
338600 0.00049
338700 0.000751
338800 0.000736
338900 0.000781
339000 0.000443
339100 0.000631
339200 0.000451
339300 0.00049
339400 0.000724
339500 0.000494
339600 0.000446
339700 0.000473
339800 0.000482
339900 0.00042
340000 0.000506
340100 0.000442
340200 0.000444
340300 0.000451
340400 0.000455
340500 0.00094
340600 0.000496
340700 0.000476
340800 0.000444
340900 0.000442
341000 0.000452
341100 0.000462
341200 0.000438
341300 0.000422
341400 0.000437
341500 0.000452
341600 0.000445
341700 0.000447
341800 0.000907
341900 0.000485
342000 0.000463
342100 0.000463
342200 0.000457
342300 0.000444
342400 0.000467
342500 0.000424
342600 0.000453
342700 0.00054
342800 0.000447
342900 0.000448
343000 0.000449
343100 0.000446
343200 0.000447
343300 0.000485
343400 0.000442
343500 0.000785
343600 0.000481
343700 0.000476
343800 0.000476
343900 0.000433
344000 0.000492
344100 0.000447
344200 0.000623
344300 0.000449
344400 0.000429
344500 0.000454
344600 0.000552
344700 0.000454
344800 0.000536
344900 0.000456
345000 0.000871
345100 0.000757
345200 0.000448
345300 0.0005
345400 0.000452
345500 0.00047
345600 0.000446
345700 0.000479
345800 0.000549
345900 0.000453
346000 0.000449
346100 0.000491
346200 0.000461
346300 0.000461
346400 0.000452
346500 0.000471
346600 0.000457
346700 0.000446
346800 0.00045
346900 0.000486
347000 0.000447
347100 0.00046
347200 0.000461
347300 0.000496
347400 0.000783
347500 0.000819
347600 0.00066
347700 0.00058
347800 0.00057
347900 0.000449
348000 0.000432
348100 0.000519
348200 0.000454
348300 0.000448
348400 0.000485
348500 0.000477
348600 0.000464
348700 0.000644
348800 0.000438
348900 0.000461
349000 0.000739
349100 0.000452
349200 0.000448
349300 0.000635
349400 0.000453
349500 0.000437
349600 0.000495
349700 0.000696
349800 0.0006
349900 0.000503
350000 0.000437
350100 0.000446
350200 0.000457
350300 0.000461
350400 0.000465
350500 0.000458
350600 0.000634
350700 0.000441
350800 0.000438
350900 0.000853
351000 0.000453
351100 0.000422
351200 0.000537
351300 0.000458
351400 0.000436
351500 0.000478
351600 0.000571
351700 0.000445
351800 0.000447
351900 0.00049
352000 0.000467
352100 0.000493
352200 0.000503
352300 0.000485
352400 0.000488
352500 0.000521
352600 0.000472
352700 0.000437
352800 0.000433
352900 0.000516
353000 0.000456
353100 0.00044
353200 0.000465
353300 0.000462
353400 0.000541
353500 0.000471
353600 0.000457
353700 0.000667
353800 0.000635
353900 0.00066
354000 0.000463
354100 0.000629
354200 0.00049
354300 0.000486
354400 0.000473
354500 0.000459
354600 0.000484
354700 0.000464
354800 0.00049
354900 0.00044
355000 0.000461
355100 0.000646
355200 0.000456
355300 0.00057
355400 0.000466
355500 0.000632
355600 0.000495
355700 0.000554
355800 0.000501
355900 0.000638
356000 0.000464
356100 0.000631
356200 0.000479
356300 0.000438
356400 0.000512
356500 0.000482
356600 0.000485
356700 0.000444
356800 0.000472
356900 0.000473
357000 0.000491
357100 0.000462
357200 0.000541
357300 0.000521
357400 0.00046
357500 0.000469
357600 0.00047
357700 0.000598
357800 0.000487
357900 0.000465
358000 0.000465
358100 0.000451
358200 0.00048
358300 0.000449
358400 0.00062
358500 0.001491
358600 0.000572
358700 0.000508
358800 0.000455
358900 0.000775
359000 0.000468
359100 0.000441
359200 0.00055
359300 0.000723
359400 0.000471
359500 0.00045
359600 0.000541
359700 0.000456
359800 0.001207
359900 0.00047
360000 0.000449
360100 0.000448
360200 0.000563
360300 0.000469
360400 0.000449
360500 0.000737
360600 0.000565
360700 0.000531
360800 0.000477
360900 0.000478
361000 0.000483
361100 0.000523
361200 0.000454
361300 0.00073
361400 0.000556
361500 0.000514
361600 0.000453
361700 0.000457
361800 0.000606
361900 0.000484
362000 0.000454
362100 0.000452
362200 0.000623
362300 0.000448
362400 0.000447
362500 0.000515
362600 0.000482
362700 0.000492
362800 0.000915
362900 0.000472
363000 0.00045
363100 0.000502
363200 0.00061
363300 0.000493
363400 0.000477
363500 0.000502
363600 0.000497
363700 0.000598
363800 0.000476
363900 0.000934
364000 0.000449
364100 0.000448
364200 0.000497
364300 0.000534
364400 0.000643
364500 0.000468
364600 0.000456
364700 0.000493
364800 0.000458
364900 0.000449
365000 0.000501
365100 0.000476
365200 0.000503
365300 0.000642
365400 0.000466
365500 0.000463
365600 0.000516
365700 0.000548
365800 0.00048
365900 0.000681
366000 0.000468
366100 0.000483
366200 0.000557
366300 0.000458
366400 0.000477
366500 0.000605
366600 0.000456
366700 0.000505
366800 0.000496
366900 0.000559
367000 0.000484
367100 0.000691
367200 0.000507
367300 0.000476
367400 0.000485
367500 0.000478
367600 0.000572
367700 0.000515
367800 0.000483
367900 0.000458
368000 0.000509
368100 0.000512
368200 0.000852
368300 0.000482
368400 0.00045
368500 0.000682
368600 0.000497
368700 0.0008
368800 0.000479
368900 0.000473
369000 0.000456
369100 0.000482
369200 0.000458
369300 0.000494
369400 0.000514
369500 0.000511
369600 0.000465
369700 0.000474
369800 0.000479
369900 0.000486
370000 0.000582
370100 0.000483
370200 0.000464
370300 0.00048
370400 0.000511
370500 0.000481
370600 0.000485
370700 0.000489
370800 0.000656
370900 0.000469
371000 0.000465
371100 0.00047
371200 0.000465
371300 0.000459
371400 0.000467
371500 0.000484
371600 0.000476
371700 0.000464
371800 0.000653
371900 0.000486
372000 0.000462
372100 0.000442
372200 0.000458
372300 0.000501
372400 0.00048
372500 0.00051
372600 0.000488
372700 0.000519
372800 0.001031
372900 0.000483
373000 0.000521
373100 0.000484
373200 0.00051
373300 0.000496
373400 0.000587
373500 0.0005
373600 0.000658
373700 0.000467
373800 0.000726
373900 0.000488
374000 0.000682
374100 0.000498
374200 0.000499
374300 0.000537
374400 0.000515
374500 0.000514
374600 0.000529
374700 0.000499
374800 0.000503
374900 0.000681
375000 0.000484
375100 0.000676
375200 0.000464
375300 0.000516
375400 0.000474
375500 0.00048
375600 0.000493
375700 0.000499
375800 0.000509
375900 0.000505
376000 0.000524
376100 0.000775
376200 0.000489
376300 0.000596
376400 0.000552
376500 0.000495
376600 0.000495
376700 0.000497
376800 0.000497
376900 0.000487
377000 0.000493
377100 0.000781
377200 0.000522
377300 0.000468
377400 0.000472
377500 0.000571
377600 0.000563
377700 0.000517
377800 0.000497
377900 0.000584
378000 0.000497
378100 0.000692
378200 0.000469
378300 0.000522
378400 0.000499
378500 0.000473
378600 0.000719
378700 0.000963
378800 0.000491
378900 0.000469
379000 0.000512
379100 0.000495
379200 0.000516
379300 0.000499
379400 0.000474
379500 0.000591
379600 0.000489
379700 0.000494
379800 0.00047
379900 0.000502
380000 0.000568
380100 0.000475
380200 0.000476
380300 0.00049
380400 0.000494
380500 0.000451
380600 0.000543
380700 0.000534
380800 0.000524
380900 0.000511
381000 0.000746
381100 0.000624
381200 0.000497
381300 0.000476
381400 0.00048
381500 0.000508
381600 0.000454
381700 0.000951
381800 0.000508
381900 0.000486
382000 0.000478
382100 0.000479
382200 0.000494
382300 0.000509
382400 0.000529
382500 0.000479
382600 0.000755
382700 0.000518
382800 0.000516
382900 0.000482
383000 0.000506
383100 0.000475
383200 0.000507
383300 0.000519
383400 0.000601
383500 0.000572
383600 0.000503
383700 0.000518
383800 0.0005
383900 0.000478
384000 0.000529
384100 0.000508
384200 0.000526
384300 0.000538
384400 0.000564
384500 0.000505
384600 0.000507
384700 0.00054
384800 0.000678
384900 0.000502
385000 0.000476
385100 0.000501
385200 0.000501
385300 0.000511
385400 0.000555
385500 0.000507
385600 0.000681
385700 0.0005
385800 0.000519
385900 0.000502
386000 0.000533
386100 0.000481
386200 0.000509
386300 0.000514
386400 0.000818
386500 0.000504
386600 0.000541
386700 0.000511
386800 0.00056
386900 0.000486
387000 0.001078
387100 0.000519
387200 0.001518
387300 0.000524
387400 0.000625
387500 0.00059
387600 0.000569
387700 0.000518
387800 0.000541
387900 0.000505
388000 0.000531
388100 0.00048
388200 0.00072
388300 0.000589
388400 0.000518
388500 0.000502
388600 0.000481
388700 0.000504
388800 0.000636
388900 0.000481
389000 0.000507
389100 0.000521
389200 0.000522
389300 0.000512
389400 0.000522
389500 0.00054
389600 0.000507
389700 0.000513
389800 0.000519
389900 0.000508
390000 0.000514
390100 0.000508
390200 0.000639
390300 0.000483
390400 0.000559
390500 0.000511
390600 0.000541
390700 0.000513
390800 0.000539
390900 0.000515
391000 0.000483
391100 0.000594
391200 0.000506
391300 0.000513
391400 0.000548
391500 0.000464
391600 0.000551
391700 0.000601
391800 0.000525
391900 0.000516
392000 0.000512
392100 0.000514
392200 0.000572
392300 0.000524
392400 0.000533
392500 0.000542
392600 0.000519
392700 0.000539
392800 0.000527
392900 0.000517
393000 0.000512
393100 0.000574
393200 0.000527
393300 0.000575
393400 0.000524
393500 0.000574
393600 0.000534
393700 0.000604
393800 0.000519
393900 0.00059
394000 0.000492
394100 0.000553
394200 0.000513
394300 0.000516
394400 0.000495
394500 0.000511
394600 0.000802
394700 0.000497
394800 0.000519
394900 0.000516
395000 0.000529
395100 0.000524
395200 0.00053
395300 0.000496
395400 0.000523
395500 0.000671
395600 0.000486
395700 0.000514
395800 0.000519
395900 0.000511
396000 0.000526
396100 0.000498
396200 0.000506
396300 0.000514
396400 0.000491
396500 0.000548
396600 0.000528
396700 0.000645
396800 0.000506
396900 0.000492
397000 0.00052
397100 0.000501
397200 0.000546
397300 0.000489
397400 0.00051
397500 0.0006
397600 0.000526
397700 0.000541
397800 0.000517
397900 0.000746
398000 0.000943
398100 0.000927
398200 0.001038
398300 0.000538
398400 0.000721
398500 0.000588
398600 0.000552
398700 0.000539
398800 0.000555
398900 0.000887
399000 0.000518
399100 0.00052
399200 0.000523
399300 0.000534
399400 0.000561
399500 0.000522
399600 0.000537
399700 0.000524
399800 0.000526
399900 0.000546
400000 0.000555
400100 0.000554
400200 0.00051
400300 0.000674
400400 0.000693
400500 0.000952
400600 0.000772
400700 0.000532
400800 0.000543
400900 0.000521
401000 0.000544
401100 0.000583
401200 0.000985
401300 0.000547
401400 0.000547
401500 0.000521
401600 0.000495
401700 0.000583
401800 0.000504
401900 0.000471
402000 0.000527
402100 0.000501
402200 0.000499
402300 0.000642
402400 0.000542
402500 0.00053
402600 0.000542
402700 0.000564
402800 0.000837
402900 0.000502
403000 0.000477
403100 0.000516
403200 0.00057
403300 0.000525
403400 0.000508
403500 0.00069
403600 0.000532
403700 0.000824
403800 0.000742
403900 0.000579
404000 0.000543
404100 0.000535
404200 0.000526
404300 0.000822
404400 0.000629
404500 0.000569
404600 0.000519
404700 0.00055
404800 0.000539
404900 0.000552
405000 0.000526
405100 0.000686
405200 0.00061
405300 0.000608
405400 0.00056
405500 0.000534
405600 0.000533
405700 0.000535
405800 0.000692
405900 0.000498
406000 0.000488
406100 0.00053
406200 0.000527
406300 0.000787
406400 0.000662
406500 0.000714
406600 0.000592
406700 0.000514
406800 0.000512
406900 0.000706
407000 0.000523
407100 0.000564
407200 0.000531
407300 0.000566
407400 0.000801
407500 0.000536
407600 0.001257
407700 0.000509
407800 0.000761
407900 0.000503
408000 0.00055
408100 0.000507
408200 0.000508
408300 0.000513
408400 0.00058
408500 0.000516
408600 0.000524
408700 0.000538
408800 0.000562
408900 0.000531
409000 0.000556
409100 0.000503
409200 0.000653
409300 0.000516
409400 0.000545
409500 0.000655
409600 0.00073
409700 0.001195
409800 0.00063
409900 0.000564
410000 0.000871
410100 0.000621
410200 0.000541
410300 0.000556
410400 0.000539
410500 0.000538
410600 0.000633
410700 0.000513
410800 0.000537
410900 0.000637
411000 0.000656
411100 0.000534
411200 0.000528
411300 0.000579
411400 0.000934
411500 0.000813
411600 0.000546
411700 0.00062
411800 0.000556
411900 0.000605
412000 0.000561
412100 0.000588
412200 0.000596
412300 0.000512
412400 0.000552
412500 0.000648
412600 0.000544
412700 0.000552
412800 0.00051
412900 0.000617
413000 0.000517
413100 0.000593
413200 0.000512
413300 0.000508
413400 0.000492
413500 0.000656
413600 0.000519
413700 0.000484
413800 0.0005
413900 0.000538
414000 0.000515
414100 0.000592
414200 0.000526
414300 0.000542
414400 0.000568
414500 0.000568
414600 0.000515
414700 0.00054
414800 0.000538
414900 0.000589
415000 0.000561
415100 0.000596
415200 0.000539
415300 0.000562
415400 0.000519
415500 0.000547
415600 0.000541
415700 0.000559
415800 0.000502
415900 0.0005
416000 0.000517
416100 0.00052
416200 0.001221
416300 0.00055
416400 0.000549
416500 0.000546
416600 0.000544
416700 0.000542
416800 0.000515
416900 0.000546
417000 0.000561
417100 0.000554
417200 0.00054
417300 0.000701
417400 0.000585
417500 0.000552
417600 0.000556
417700 0.000547
417800 0.000549
417900 0.000522
418000 0.00052
418100 0.000942
418200 0.000966
418300 0.00055
418400 0.00057
418500 0.000547
418600 0.000751
418700 0.000729
418800 0.000546
418900 0.000565
419000 0.000544
419100 0.000493
419200 0.000988
419300 0.000494
419400 0.000546
419500 0.000536
419600 0.000593
419700 0.00056
419800 0.000575
419900 0.000504
420000 0.000545
420100 0.00055
420200 0.000532
420300 0.000554
420400 0.000685
420500 0.000521
420600 0.000594
420700 0.00063
420800 0.000548
420900 0.000521
421000 0.000599
421100 0.000538
421200 0.000559
421300 0.000525
421400 0.000546
421500 0.000628
421600 0.000556
421700 0.000653
421800 0.00055
421900 0.00055
422000 0.000576
422100 0.00058
422200 0.00067
422300 0.000583
422400 0.000547
422500 0.000634
422600 0.00057
422700 0.000524
422800 0.000558
422900 0.000531
423000 0.000525
423100 0.000525
423200 0.000645
423300 0.000551
423400 0.000582
423500 0.000641
423600 0.000574
423700 0.000547
423800 0.000524
423900 0.000507
424000 0.000607
424100 0.0005
424200 0.00077
424300 0.000555
424400 0.000556
424500 0.00053
424600 0.000653
424700 0.000829
424800 0.000639
424900 0.000783
425000 0.000738
425100 0.000738
425200 0.000602
425300 0.000641
425400 0.000778
425500 0.000664
425600 0.000549
425700 0.000581
425800 0.000558
425900 0.000747
426000 0.00064
426100 0.000533
426200 0.000547
426300 0.000526
426400 0.000566
426500 0.000767
426600 0.000696
426700 0.000652
426800 0.000537
426900 0.000566
427000 0.000557
427100 0.000585
427200 0.00056
427300 0.000559
427400 0.000556
427500 0.00057
427600 0.000533
427700 0.00053
427800 0.000529
427900 0.000638
428000 0.000533
428100 0.000628
428200 0.000856
428300 0.000543
428400 0.000555
428500 0.000621
428600 0.00058
428700 0.000572
428800 0.000556
428900 0.000574
429000 0.00087
429100 0.000575
429200 0.000566
429300 0.000586
429400 0.000547
429500 0.00056
429600 0.000532
429700 0.000563
429800 0.000719
429900 0.000566
430000 0.000561
430100 0.000564
430200 0.000576
430300 0.000581
430400 0.000559
430500 0.000556
430600 0.000582
430700 0.000597
430800 0.000889
430900 0.000605
431000 0.00069
431100 0.000588
431200 0.000556
431300 0.000592
431400 0.000597
431500 0.000595
431600 0.000578
431700 0.000566
431800 0.000577
431900 0.000625
432000 0.000543
432100 0.000655
432200 0.000518
432300 0.000543
432400 0.000818
432500 0.000563
432600 0.000594
432700 0.000538
432800 0.000571
432900 0.000546
433000 0.000567
433100 0.000654
433200 0.000538
433300 0.000536
433400 0.000526
433500 0.000511
433600 0.000667
433700 0.000537
433800 0.000797
433900 0.000668
434000 0.000626
434100 0.000569
434200 0.000563
434300 0.000564
434400 0.000591
434500 0.000579
434600 0.000564
434700 0.000569
434800 0.000697
434900 0.000597
435000 0.000804
435100 0.000795
435200 0.000591
435300 0.000567
435400 0.000538
435500 0.000568
435600 0.00054
435700 0.000581
435800 0.000739
435900 0.00092
436000 0.000556
436100 0.000584
436200 0.000813
436300 0.000628
436400 0.000603
436500 0.000593
436600 0.000517
436700 0.000996
436800 0.00057
436900 0.000656
437000 0.00068
437100 0.000605
437200 0.000567
437300 0.000544
437400 0.000573
437500 0.000603
437600 0.0007
437700 0.00055
437800 0.000548
437900 0.000518
438000 0.000658
438100 0.000901
438200 0.00057
438300 0.000657
438400 0.000727
438500 0.000547
438600 0.000565
438700 0.000575
438800 0.000546
438900 0.000528
439000 0.000696
439100 0.000594
439200 0.000573
439300 0.000819
439400 0.000552
439500 0.000622
439600 0.000546
439700 0.000529
439800 0.000526
439900 0.000659
440000 0.000607
440100 0.000548
440200 0.000576
440300 0.000543
440400 0.000641
440500 0.00057
440600 0.000709
440700 0.00056
440800 0.000583
440900 0.000576
441000 0.000993
441100 0.000598
441200 0.00058
441300 0.000577
441400 0.000733
441500 0.000656
441600 0.000552
441700 0.000734
441800 0.00055
441900 0.000598
442000 0.000577
442100 0.000852
442200 0.000676
442300 0.000602
442400 0.000549
442500 0.00056
442600 0.000618
442700 0.000551
442800 0.000558
442900 0.000564
443000 0.000546
443100 0.000582
443200 0.000527
443300 0.000551
443400 0.000608
443500 0.001017
443600 0.000539
443700 0.000553
443800 0.000802
443900 0.000672
444000 0.000558
444100 0.000556
444200 0.000568
444300 0.000611
444400 0.000531
444500 0.000524
444600 0.000757
444700 0.000557
444800 0.000611
444900 0.000717
445000 0.000559
445100 0.000571
445200 0.000675
445300 0.000638
445400 0.000951
445500 0.000587
445600 0.000573
445700 0.000627
445800 0.000697
445900 0.000564
446000 0.000564
446100 0.000553
446200 0.000557
446300 0.000613
446400 0.000595
446500 0.000644
446600 0.000614
446700 0.000557
446800 0.000554
446900 0.000582
447000 0.000557
447100 0.000803
447200 0.000557
447300 0.000611
447400 0.000602
447500 0.000559
447600 0.000555
447700 0.00065
447800 0.000589
447900 0.000564
448000 0.000577
448100 0.000602
448200 0.000559
448300 0.000555
448400 0.00064
448500 0.000554
448600 0.001283
448700 0.000729
448800 0.00077
448900 0.000652
449000 0.000554
449100 0.000567
449200 0.000691
449300 0.00056
449400 0.000623
449500 0.000556
449600 0.000568
449700 0.000581
449800 0.000587
449900 0.000624
450000 0.000616
450100 0.000676
450200 0.000539
450300 0.000533
450400 0.00065
450500 0.000617
450600 0.000621
450700 0.000596
450800 0.000589
450900 0.000667
451000 0.00086
451100 0.000653
451200 0.000598
451300 0.000557
451400 0.000577
451500 0.000702
451600 0.000886
451700 0.000571
451800 0.000565
451900 0.000564
452000 0.001129
452100 0.000671
452200 0.000587
452300 0.000615
452400 0.000594
452500 0.000594
452600 0.000589
452700 0.000592
452800 0.000855
452900 0.000557
453000 0.000577
453100 0.000637
453200 0.000582
453300 0.000645
453400 0.00064
453500 0.000569
453600 0.000761
453700 0.000565
453800 0.000575
453900 0.000592
454000 0.000591
454100 0.000625
454200 0.000605
454300 0.000567
454400 0.000623
454500 0.000628
454600 0.000598
454700 0.000727
454800 0.000568
454900 0.000626
455000 0.000592
455100 0.000562
455200 0.000676
455300 0.000658
455400 0.000592
455500 0.000567
455600 0.000717
455700 0.000599
455800 0.000596
455900 0.000684
456000 0.000647
456100 0.00069
456200 0.000594
456300 0.000597
456400 0.00071
456500 0.000602
456600 0.000718
456700 0.000589
456800 0.000745
456900 0.000577
457000 0.000691
457100 0.000729
457200 0.000567
457300 0.001281
457400 0.000783
457500 0.000703
457600 0.000572
457700 0.000769
457800 0.000597
457900 0.001163
458000 0.000573
458100 0.000566
458200 0.000667
458300 0.000609
458400 0.000775
458500 0.000575
458600 0.000569
458700 0.000548
458800 0.000579
458900 0.000784
459000 0.000569
459100 0.000856
459200 0.000607
459300 0.000631
459400 0.000582
459500 0.00059
459600 0.000593
459700 0.000607
459800 0.000569
459900 0.000773
460000 0.000763
460100 0.000655
460200 0.000605
460300 0.000799
460400 0.000574
460500 0.000609
460600 0.000602
460700 0.000616
460800 0.000601
460900 0.000565
461000 0.000596
461100 0.000678
461200 0.000573
461300 0.000575
461400 0.000596
461500 0.000579
461600 0.000602
461700 0.000592
461800 0.000705
461900 0.000704
462000 0.001115
462100 0.000628
462200 0.000839
462300 0.00062
462400 0.000607
462500 0.00058
462600 0.000587
462700 0.000561
462800 0.000684
462900 0.000624
463000 0.000595
463100 0.000607
463200 0.000552
463300 0.000685
463400 0.00061
463500 0.000573
463600 0.000609
463700 0.000642
463800 0.000819
463900 0.000594
464000 0.00062
464100 0.000724
464200 0.000636
464300 0.000703
464400 0.000637
464500 0.000592
464600 0.00062
464700 0.000595
464800 0.000602
464900 0.000576
465000 0.000726
465100 0.00061
465200 0.00056
465300 0.000603
465400 0.000581
465500 0.000735
465600 0.00058
465700 0.000623
465800 0.000576
465900 0.000829
466000 0.000613
466100 0.000773
466200 0.000815
466300 0.000584
466400 0.000621
466500 0.000578
466600 0.000601
466700 0.000703
466800 0.000584
466900 0.000847
467000 0.000602
467100 0.000607
467200 0.000595
467300 0.000595
467400 0.000582
467500 0.000619
467600 0.000597
467700 0.000679
467800 0.000703
467900 0.000575
468000 0.000718
468100 0.000699
468200 0.000583
468300 0.000668
468400 0.000893
468500 0.000679
468600 0.000592
468700 0.000637
468800 0.000715
468900 0.000709
469000 0.000596
469100 0.000609
469200 0.00059
469300 0.00055
469400 0.000954
469500 0.000681
469600 0.000646
469700 0.000609
469800 0.000595
469900 0.000943
470000 0.000652
470100 0.000581
470200 0.0006
470300 0.000653
470400 0.000636
470500 0.00065
470600 0.000727
470700 0.000591
470800 0.000651
470900 0.000566
471000 0.000776
471100 0.00061
471200 0.000687
471300 0.000634
471400 0.000795
471500 0.000789
471600 0.000617
471700 0.00062
471800 0.000576
471900 0.000599
472000 0.000607
472100 0.000636
472200 0.0007
472300 0.000633
472400 0.000597
472500 0.000653
472600 0.000735
472700 0.000599
472800 0.000572
472900 0.000613
473000 0.000622
473100 0.000645
473200 0.000628
473300 0.000554
473400 0.000689
473500 0.000608
473600 0.000722
473700 0.000673
473800 0.000634
473900 0.000586
474000 0.000593
474100 0.000578
474200 0.000797
474300 0.000591
474400 0.000674
474500 0.000594
474600 0.000596
474700 0.000611
474800 0.000599
474900 0.000628
475000 0.00071
475100 0.000613
475200 0.000604
475300 0.000605
475400 0.000708
475500 0.000592
475600 0.000869
475700 0.000593
475800 0.000645
475900 0.000591
476000 0.000597
476100 0.000596
476200 0.000654
476300 0.000622
476400 0.000578
476500 0.00059
476600 0.000597
476700 0.000589
476800 0.000627
476900 0.000626
477000 0.000659
477100 0.000635
477200 0.000752
477300 0.000599
477400 0.000626
477500 0.000589
477600 0.000622
477700 0.000587
477800 0.00079
477900 0.000849
478000 0.00061
478100 0.000578
478200 0.000605
478300 0.000687
478400 0.000634
478500 0.000967
478600 0.00062
478700 0.000614
478800 0.000622
478900 0.000571
479000 0.000787
479100 0.000595
479200 0.000621
479300 0.000682
479400 0.000624
479500 0.000859
479600 0.000644
479700 0.000578
479800 0.000595
479900 0.000628
480000 0.000605
480100 0.000628
480200 0.000721
480300 0.000627
480400 0.00062
480500 0.000604
480600 0.000735
480700 0.000678
480800 0.000718
480900 0.000595
481000 0.000773
481100 0.000632
481200 0.000679
481300 0.000651
481400 0.000842
481500 0.000615
481600 0.00064
481700 0.000837
481800 0.000601
481900 0.000566
482000 0.000669
482100 0.000585
482200 0.000603
482300 0.000907
482400 0.000652
482500 0.000657
482600 0.000629
482700 0.000808
482800 0.000727
482900 0.000674
483000 0.00066
483100 0.00067
483200 0.000612
483300 0.000638
483400 0.000676
483500 0.000686
483600 0.000622
483700 0.000885
483800 0.00057
483900 0.000701
484000 0.000602
484100 0.000606
484200 0.000651
484300 0.000713
484400 0.00061
484500 0.000727
484600 0.001135
484700 0.000648
484800 0.000637
484900 0.000802
485000 0.000641
485100 0.000713
485200 0.000752
485300 0.001149
485400 0.000672
485500 0.000697
485600 0.000858
485700 0.000781
485800 0.000713
485900 0.000724
486000 0.000655
486100 0.000643
486200 0.000641
486300 0.000603
486400 0.000765
486500 0.000669
486600 0.000763
486700 0.000632
486800 0.000604
486900 0.000589
487000 0.000996
487100 0.000606
487200 0.000584
487300 0.000637
487400 0.00073
487500 0.000743
487600 0.000587
487700 0.000608
487800 0.000755
487900 0.00068
488000 0.000606
488100 0.000681
488200 0.000625
488300 0.000653
488400 0.000661
488500 0.000778
488600 0.000642
488700 0.000609
488800 0.00074
488900 0.000635
489000 0.00072
489100 0.001424
489200 0.000644
489300 0.000665
489400 0.000856
489500 0.000629
489600 0.000793
489700 0.000666
489800 0.000679
489900 0.000644
490000 0.000616
490100 0.000606
490200 0.000661
490300 0.000906
490400 0.000648
490500 0.000639
490600 0.000597
490700 0.000625
490800 0.000715
490900 0.000844
491000 0.000799
491100 0.000664
491200 0.000679
491300 0.000953
491400 0.000618
491500 0.000624
491600 0.000706
491700 0.000796
491800 0.000606
491900 0.000712
492000 0.000651
492100 0.000638
492200 0.000595
492300 0.000614
492400 0.000681
492500 0.00068
492600 0.000823
492700 0.000756
492800 0.000701
492900 0.000643
493000 0.000633
493100 0.000724
493200 0.000651
493300 0.00076
493400 0.000608
493500 0.00061
493600 0.000617
493700 0.00073
493800 0.000662
493900 0.000684
494000 0.000627
494100 0.000684
494200 0.000647
494300 0.000664
494400 0.000636
494500 0.000618
494600 0.000661
494700 0.000713
494800 0.000593
494900 0.000603
495000 0.0006
495100 0.000655
495200 0.000623
495300 0.000612
495400 0.000854
495500 0.00083
495600 0.00067
495700 0.000672
495800 0.000651
495900 0.000658
496000 0.000602
496100 0.000715
496200 0.000742
496300 0.000718
496400 0.000583
496500 0.000606
496600 0.000595
496700 0.000654
496800 0.000639
496900 0.000621
497000 0.000587
497100 0.000729
497200 0.000621
497300 0.000708
497400 0.000623
497500 0.000616
497600 0.000942
497700 0.000623
497800 0.000654
497900 0.000599
498000 0.000732
498100 0.000862
498200 0.000615
498300 0.000658
498400 0.000647
498500 0.000661
498600 0.000878
498700 0.000598
498800 0.000686
498900 0.000652
499000 0.000798
499100 0.000623
499200 0.000622
499300 0.000666
499400 0.000625
499500 0.000622
499600 0.00071
499700 0.000679
499800 0.000636
499900 0.000636
500000 0.000664
500100 0.000647
500200 0.000702
500300 0.000647
500400 0.000634
500500 0.000642
500600 0.000648
500700 0.00067
500800 0.000622
500900 0.000622
501000 0.000662
501100 0.000637
501200 0.000638
501300 0.000689
501400 0.00069
501500 0.000631
501600 0.000836
501700 0.00062
501800 0.000714
501900 0.000622
502000 0.000655
502100 0.000735
502200 0.000627
502300 0.000958
502400 0.000681
502500 0.000623
502600 0.000599
502700 0.000627
502800 0.000774
502900 0.000669
503000 0.000626
503100 0.000618
503200 0.000654
503300 0.00091
503400 0.000632
503500 0.000631
503600 0.000674
503700 0.001011
503800 0.000662
503900 0.000832
504000 0.000681
504100 0.000635
504200 0.000668
504300 0.000611
504400 0.000606
504500 0.000882
504600 0.000628
504700 0.00062
504800 0.000763
504900 0.000905
505000 0.000641
505100 0.000627
505200 0.000628
505300 0.000746
505400 0.001294
505500 0.000845
505600 0.000697
505700 0.000751
505800 0.000652
505900 0.000647
506000 0.000828
506100 0.0008
506200 0.000713
506300 0.000659
506400 0.000675
506500 0.000663
506600 0.000628
506700 0.000656
506800 0.000674
506900 0.000618
507000 0.000676
507100 0.000659
507200 0.000693
507300 0.000634
507400 0.000705
507500 0.000665
507600 0.000785
507700 0.000673
507800 0.00076
507900 0.000634
508000 0.000669
508100 0.000713
508200 0.000631
508300 0.000628
508400 0.000758
508500 0.000646
508600 0.000615
508700 0.000699
508800 0.000619
508900 0.000668
509000 0.00064
509100 0.000635
509200 0.000657
509300 0.000632
509400 0.000822
509500 0.00069
509600 0.000633
509700 0.000614
509800 0.000633
509900 0.000623
510000 0.000692
510100 0.000673
510200 0.000635
510300 0.001138
510400 0.000675
510500 0.000676
510600 0.000954
510700 0.000746
510800 0.00064
510900 0.000615
511000 0.00064
511100 0.000786
511200 0.000651
511300 0.000705
511400 0.000735
511500 0.000611
511600 0.000816
511700 0.00064
511800 0.000636
511900 0.000648
512000 0.000806
512100 0.000924
512200 0.000672
512300 0.000684
512400 0.00069
512500 0.000636
512600 0.000728
512700 0.000645
512800 0.000633
512900 0.000673
513000 0.000666
513100 0.000659
513200 0.00084
513300 0.00073
513400 0.000639
513500 0.000754
513600 0.000617
513700 0.000925
513800 0.000766
513900 0.000657
514000 0.000685
514100 0.000641
514200 0.000695
514300 0.000636
514400 0.000664
514500 0.00072
514600 0.001596
514700 0.000677
514800 0.000734
514900 0.000702
515000 0.00068
515100 0.000643
515200 0.0007
515300 0.000693
515400 0.000676
515500 0.000899
515600 0.000681
515700 0.000673
515800 0.000679
515900 0.00064
516000 0.000644
516100 0.000649
516200 0.000722
516300 0.000626
516400 0.000808
516500 0.000874
516600 0.000615
516700 0.000632
516800 0.000717
516900 0.000631
517000 0.000693
517100 0.000642
517200 0.000664
517300 0.000632
517400 0.000894
517500 0.000642
517600 0.000723
517700 0.000807
517800 0.000645
517900 0.000679
518000 0.000654
518100 0.000675
518200 0.000617
518300 0.000824
518400 0.000703
518500 0.000646
518600 0.000629
518700 0.000655
518800 0.000658
518900 0.000683
519000 0.000643
519100 0.000775
519200 0.000796
519300 0.000644
519400 0.000919
519500 0.000758
519600 0.000813
519700 0.000684
519800 0.00067
519900 0.000728
520000 0.000647
520100 0.000658
520200 0.000746
520300 0.000871
520400 0.000679
520500 0.000772
520600 0.00063
520700 0.001058
520800 0.00081
520900 0.000687
521000 0.000681
521100 0.000715
521200 0.0007
521300 0.000679
521400 0.00087
521500 0.000688
521600 0.000701
521700 0.000708
521800 0.000747
521900 0.000924
522000 0.000652
522100 0.000626
522200 0.000653
522300 0.000969
522400 0.00078
522500 0.000649
522600 0.000625
522700 0.000675
522800 0.000663
522900 0.000742
523000 0.000747
523100 0.000706
523200 0.000699
523300 0.000652
523400 0.000626
523500 0.0007
523600 0.000646
523700 0.000623
523800 0.000679
523900 0.000693
524000 0.000733
524100 0.000877
524200 0.000713
524300 0.000658
524400 0.000669
524500 0.000674
524600 0.000984
524700 0.001177
524800 0.000705
524900 0.000702
525000 0.000656
525100 0.000698
525200 0.00078
525300 0.000888
525400 0.000993
525500 0.000673
525600 0.00071
525700 0.000707
525800 0.000925
525900 0.000679
526000 0.000625
526100 0.000658
526200 0.000645
526300 0.000656
526400 0.000721
526500 0.000659
526600 0.000657
526700 0.000872
526800 0.0012
526900 0.000693
527000 0.000659
527100 0.000757
527200 0.000657
527300 0.00077
527400 0.00063
527500 0.000693
527600 0.000641
527700 0.00062
527800 0.000988
527900 0.00067
528000 0.000742
528100 0.000813
528200 0.000691
528300 0.000691
528400 0.000801
528500 0.000844
528600 0.000907
528700 0.000809
528800 0.000799
528900 0.000699
529000 0.000679
529100 0.00068
529200 0.000675
529300 0.00068
529400 0.000799
529500 0.00064
529600 0.000664
529700 0.000772
529800 0.000992
529900 0.000738
530000 0.000659
530100 0.000627
530200 0.000666
530300 0.000758
530400 0.000862
530500 0.000754
530600 0.000659
530700 0.000685
530800 0.000638
530900 0.000785
531000 0.000645
531100 0.000748
531200 0.000685
531300 0.000732
531400 0.000761
531500 0.000706
531600 0.000709
531700 0.000666
531800 0.000722
531900 0.000704
532000 0.000952
532100 0.000665
532200 0.000639
532300 0.000645
532400 0.000768
532500 0.000645
532600 0.000637
532700 0.000729
532800 0.000677
532900 0.000717
533000 0.000675
533100 0.000677
533200 0.00063
533300 0.000798
533400 0.000657
533500 0.000673
533600 0.000633
533700 0.001065
533800 0.000704
533900 0.000684
534000 0.000667
534100 0.00068
534200 0.000803
534300 0.000734
534400 0.000707
534500 0.000921
534600 0.000669
534700 0.000665
534800 0.000668
534900 0.000685
535000 0.000722
535100 0.000664
535200 0.000706
535300 0.000685
535400 0.000969
535500 0.000677
535600 0.000666
535700 0.000682
535800 0.000674
535900 0.000723
536000 0.000893
536100 0.000778
536200 0.000887
536300 0.000704
536400 0.000836
536500 0.000683
536600 0.000762
536700 0.000667
536800 0.000859
536900 0.000687
537000 0.000866
537100 0.000786
537200 0.00064
537300 0.000675
537400 0.000776
537500 0.00136
537600 0.000667
537700 0.000673
537800 0.001082
537900 0.000752
538000 0.000643
538100 0.000782
538200 0.000849
538300 0.000654
538400 0.000678
538500 0.000673
538600 0.000713
538700 0.000691
538800 0.000723
538900 0.000674
539000 0.001083
539100 0.000812
539200 0.001212
539300 0.000714
539400 0.000821
539500 0.000676
539600 0.000655
539700 0.000689
539800 0.000638
539900 0.000716
540000 0.000928
540100 0.000695
540200 0.000668
540300 0.001397
540400 0.000673
540500 0.000747
540600 0.000665
540700 0.000676
540800 0.000805
540900 0.000838
541000 0.000666
541100 0.000728
541200 0.00079
541300 0.000698
541400 0.000777
541500 0.000694
541600 0.001041
541700 0.000897
541800 0.001226
541900 0.001287
542000 0.001062
542100 0.000725
542200 0.000728
542300 0.000722
542400 0.00076
542500 0.000701
542600 0.000796
542700 0.00089
542800 0.000733
542900 0.000732
543000 0.000711
543100 0.00076
543200 0.000711
543300 0.000724
543400 0.000728
543500 0.000708
543600 0.000711
543700 0.000722
543800 0.000937
543900 0.000877
544000 0.000707
544100 0.000711
544200 0.000923
544300 0.000743
544400 0.000726
544500 0.000715
544600 0.001148
544700 0.00109
544800 0.001371
544900 0.001462
545000 0.001149
545100 0.000915
545200 0.001365
545300 0.001214
545400 0.001249
545500 0.001537
545600 0.000734
545700 0.001117
545800 0.000707
545900 0.001127
546000 0.000714
546100 0.000714
546200 0.00094
546300 0.000717
546400 0.001111
546500 0.00112
546600 0.000723
546700 0.000722
546800 0.00075
546900 0.001059
547000 0.000722
547100 0.000737
547200 0.000726
547300 0.000809
547400 0.000718
547500 0.00114
547600 0.00115
547700 0.000739
547800 0.000796
547900 0.000781
548000 0.000738
548100 0.00114
548200 0.000743
548300 0.000762
548400 0.001123
548500 0.00115
548600 0.001143
548700 0.000792
548800 0.000978
548900 0.000732
549000 0.000739
549100 0.000721
549200 0.00072
549300 0.000874
549400 0.000746
549500 0.000993
549600 0.001431
549700 0.000745
549800 0.000759
549900 0.000721
550000 0.000763
550100 0.000743
550200 0.000689
550300 0.000704
550400 0.000742
550500 0.000685
550600 0.000719
550700 0.000685
550800 0.000656
550900 0.00082
551000 0.000828
551100 0.000703
551200 0.001173
551300 0.001063
551400 0.000723
551500 0.001167
